   4.2800000e-01   1.3900000e-01   7.0000000e-01
   2.6500000e-01  -3.6400000e-01   7.0000000e-01
  -2.4500000e-01   7.5600000e-01   2.4500000e-01
  -2.4500000e-01  -7.5600000e-01   2.4500000e-01
   6.4400000e-01   4.6700000e-01  -2.4500000e-01
  -7.9600000e-01   0.0000000e+00  -2.4500000e-01
   6.4400000e-01  -4.6700000e-01  -2.4500000e-01
  -2.6500000e-01  -3.6400000e-01  -7.0000000e-01
   0.0000000e+00   4.5100000e-01   7.0000000e-01
   7.9600000e-01   0.0000000e+00   2.4500000e-01
  -6.4400000e-01   4.6700000e-01   2.4500000e-01
   2.4500000e-01  -7.5600000e-01   2.4500000e-01
   2.4500000e-01   7.5600000e-01  -2.4500000e-01
  -6.4400000e-01  -4.6700000e-01  -2.4500000e-01
   4.2800000e-01   1.3900000e-01  -7.0000000e-01
   2.6500000e-01  -3.6400000e-01  -7.0000000e-01
  -4.2800000e-01   1.3900000e-01   7.0000000e-01
   6.4400000e-01   4.6700000e-01   2.4500000e-01
  -7.9600000e-01   0.0000000e+00   2.4500000e-01
   6.4400000e-01  -4.6700000e-01   2.4500000e-01
  -2.4500000e-01   7.5600000e-01  -2.4500000e-01
  -2.4500000e-01  -7.5600000e-01  -2.4500000e-01
   0.0000000e+00   4.5100000e-01  -7.0000000e-01
  -4.2800000e-01   1.3900000e-01  -7.0000000e-01
  -2.6500000e-01  -3.6400000e-01   7.0000000e-01
   2.4500000e-01   7.5600000e-01   2.4500000e-01
  -6.4400000e-01  -4.6700000e-01   2.4500000e-01
   7.9600000e-01   0.0000000e+00  -2.4500000e-01
  -6.4400000e-01   4.6700000e-01  -2.4500000e-01
   2.4500000e-01  -7.5600000e-01  -2.4500000e-01
