Station_Id_C Year Mon Day Hour WIN_D_Avg_2mi WIN_S_Avg_2mi TEM PRE_1h
53392 2021 8 3 18 207 1.9000 15.2000 0.0000 
53392 2021 8 3 19 178 0.6000 14.8000 0.0000 
53392 2021 8 3 20 194 1.2000 14.2000 0.0000 
53392 2021 8 3 21 240 1.8000 13.7000 0.0000 
53392 2021 8 3 22 176 1.7000 13.1000 0.0000 
53397 2021 8 3 18 226 2.2000 15.0000 0.0000 
53397 2021 8 3 19 220 2.2000 14.6000 0.0000 
53397 2021 8 3 20 199 3.2000 14.5000 0.1000 
53397 2021 8 3 21 234 2.0000 14.2000 0.0000 
53397 2021 8 3 22 256 2.4000 14.1000 0.0000 
53399 2021 8 3 18 190 2.1000 15.5000 0.0000 
53399 2021 8 3 19 190 2.2000 14.9000 0.0000 
53399 2021 8 3 20 188 2.6000 14.6000 0.0000 
53399 2021 8 3 21 200 2.4000 14.0000 0.1000 
53399 2021 8 3 22 176 1.3000 13.8000 0.0000 
53491 2021 8 3 18 267 1.1000 18.2000 0.0000 
53491 2021 8 3 19 256 1.3000 17.7000 0.2000 
53491 2021 8 3 20 264 1.3000 16.9000 0.0000 
53491 2021 8 3 21 283 2.1000 16.2000 0.0000 
53491 2021 8 3 22 234 1.0000 15.7000 0.0000 
53492 2021 8 3 18 329 1.5000 19.4000 0.0000 
53492 2021 8 3 19 275 1.6000 18.6000 0.0000 
53492 2021 8 3 20 307 0.5000 18.0000 0.0000 
53492 2021 8 3 21 278 1.2000 17.6000 0.0000 
53492 2021 8 3 22 238 1.0000 17.5000 0.0000 
53498 2021 8 3 18 283 1.5000 20.0000 0.0000 
53498 2021 8 3 19 258 1.3000 20.1000 0.0000 
53498 2021 8 3 20 258 0.7000 20.0000 0.0000 
53498 2021 8 3 21 326 0.6000 19.0000 0.0000 
53498 2021 8 3 22 308 1.7000 19.0000 0.0000 
53499 2021 8 3 18 21 0.5000 19.3000 0.0000 
53499 2021 8 3 19 26 0.7000 19.1000 0.0000 
53499 2021 8 3 20 328 0.6000 18.5000 0.0000 
53499 2021 8 3 21 34 1.4000 18.1000 0.1000 
53499 2021 8 3 22 1 0.7000 18.0000 0.0000 
53593 2021 8 3 18 287 1.2000 21.2000 0.0000 
53593 2021 8 3 19 224 0.4000 21.0000 0.0000 
53593 2021 8 3 20 999017 0.0000 20.2000 0.0000 
53593 2021 8 3 21 999017 0.1000 18.9000 0.1000 
53593 2021 8 3 22 234 0.8000 17.9000 0.0000 
53596 2021 8 3 18 999017 0.0000 25.3000 0.0000 
53596 2021 8 3 19 335 2.1000 25.0000 0.0000 
53596 2021 8 3 20 351 2.2000 25.0000 0.0000 
53596 2021 8 3 21 83 0.9000 24.8000 0.0000 
53596 2021 8 3 22 999017 0.1000 24.4000 0.0000 
53599 2021 8 3 18 999017 0.1000 20.1000 0.0000 
53599 2021 8 3 19 56 0.3000 19.9000 0.0000 
53599 2021 8 3 20 304 0.6000 19.6000 0.0000 
53599 2021 8 3 21 999017 0.0000 18.7000 0.0000 
53599 2021 8 3 22 333 1.4000 18.2000 0.0000 
53680 2021 8 3 18 999017 0.0000 25.5000 0.0000 
53680 2021 8 3 19 233 0.4000 25.3000 0.0000 
53680 2021 8 3 20 999017 0.0000 25.1000 0.0000 
53680 2021 8 3 21 296 1.2000 25.2000 0.0000 
53680 2021 8 3 22 41 0.7000 24.9000 0.0000 
53682 2021 8 3 18 281 0.5000 24.5000 0.0000 
53682 2021 8 3 19 999017 0.0000 24.4000 0.0000 
53682 2021 8 3 20 999017 0.2000 24.1000 0.0000 
53682 2021 8 3 21 999017 0.2000 23.8000 0.0000 
53682 2021 8 3 22 999017 0.1000 23.6000 0.0000 
53688 2021 8 3 18 311 1.0000 25.5000 0.0000 
53688 2021 8 3 19 191 0.5000 24.9000 0.1000 
53688 2021 8 3 20 297 0.5000 24.7000 0.0000 
53688 2021 8 3 21 281 1.4000 24.7000 0.0000 
53688 2021 8 3 22 291 1.1000 24.6000 0.1000 
53689 2021 8 3 18 186 1.2000 26.7000 0.0000 
53689 2021 8 3 19 205 1.1000 26.2000 0.0000 
53689 2021 8 3 20 175 1.3000 26.3000 0.0000 
53689 2021 8 3 21 229 0.6000 26.1000 0.0000 
53689 2021 8 3 22 232 0.6000 25.7000 0.0000 
53690 2021 8 3 18 316 1.0000 23.1000 0.1000 
53690 2021 8 3 19 317 1.2000 23.1000 0.0000 
53690 2021 8 3 20 321 0.8000 23.0000 0.0000 
53690 2021 8 3 21 325 1.2000 22.8000 0.0000 
53690 2021 8 3 22 320 1.7000 22.4000 0.0000 
53691 2021 8 3 18 305 0.8000 25.9000 0.0000 
53691 2021 8 3 19 308 0.9000 25.7000 0.0000 
53691 2021 8 3 20 269 0.4000 25.6000 0.0000 
53691 2021 8 3 21 275 0.5000 25.6000 0.0000 
53691 2021 8 3 22 295 0.4000 25.4000 0.0000 
53692 2021 8 3 18 999017 0.0000 26.7000 0.0000 
53692 2021 8 3 19 999017 0.1000 26.5000 0.0000 
53692 2021 8 3 20 22 0.4000 26.3000 0.0000 
53692 2021 8 3 21 119 0.5000 26.0000 0.0000 
53692 2021 8 3 22 76 0.3000 25.4000 0.0000 
53693 2021 8 3 18 176 1.6000 24.1000 0.0000 
53693 2021 8 3 19 158 1.0000 24.2000 0.0000 
53693 2021 8 3 20 260 1.1000 24.0000 0.0000 
53693 2021 8 3 21 265 0.3000 23.9000 0.2000 
53693 2021 8 3 22 280 0.7000 23.8000 0.0000 
53694 2021 8 3 18 224 1.4000 24.8000 0.0000 
53694 2021 8 3 19 196 0.8000 24.9000 0.0000 
53694 2021 8 3 20 280 1.2000 24.8000 0.0000 
53694 2021 8 3 21 266 1.0000 24.8000 0.0000 
53694 2021 8 3 22 279 0.8000 24.3000 0.0000 
53695 2021 8 3 18 295 1.0000 26.0000 0.0000 
53695 2021 8 3 19 291 1.3000 25.7000 0.0000 
53695 2021 8 3 20 331 0.4000 25.5000 0.0000 
53695 2021 8 3 21 298 1.3000 25.4000 0.0000 
53695 2021 8 3 22 297 1.1000 25.2000 0.0000 
53696 2021 8 3 18 134 0.5000 26.7000 0.0000 
53696 2021 8 3 19 79 0.4000 25.9000 0.0000 
53696 2021 8 3 20 106 1.1000 25.7000 0.0000 
53696 2021 8 3 21 39 0.7000 25.6000 0.0000 
53696 2021 8 3 22 87 0.3000 25.4000 0.0000 
53697 2021 8 3 18 999017 0.0000 25.6000 0.0000 
53697 2021 8 3 19 999017 0.2000 25.5000 0.0000 
53697 2021 8 3 20 999017 0.1000 25.4000 0.0000 
53697 2021 8 3 21 999017 0.2000 25.3000 0.0000 
53697 2021 8 3 22 999017 0.2000 25.0000 0.2000 
53699 2021 8 3 18 999017 0.0000 25.8000 0.0000 
53699 2021 8 3 19 999017 0.0000 25.7000 0.0000 
53699 2021 8 3 20 142 1.4000 26.2000 0.0000 
53699 2021 8 3 21 182 1.0000 25.9000 0.0000 
53699 2021 8 3 22 293 0.7000 25.6000 0.0000 
53773 2021 8 3 18 159 1.2000 25.5000 0.0000 
53773 2021 8 3 19 281 0.6000 25.2000 0.0000 
53773 2021 8 3 20 179 0.9000 25.2000 0.0000 
53773 2021 8 3 21 193 1.1000 25.2000 0.0000 
53773 2021 8 3 22 179 0.7000 25.0000 0.0000 
53781 2021 8 3 18 219 1.1000 25.0000 0.0000 
53781 2021 8 3 19 177 1.3000 25.3000 0.0000 
53781 2021 8 3 20 182 2.0000 25.1000 0.0000 
53781 2021 8 3 21 173 1.6000 25.4000 0.0000 
53781 2021 8 3 22 173 2.4000 25.6000 0.0000 
53784 2021 8 3 18 159 0.8000 25.4000 0.0000 
53784 2021 8 3 19 170 0.3000 24.8000 0.0000 
53784 2021 8 3 20 999017 0.0000 24.6000 0.0000 
53784 2021 8 3 21 207 0.7000 24.9000 0.0000 
53784 2021 8 3 22 143 1.1000 24.8000 0.0000 
53785 2021 8 3 18 149 1.5000 25.9000 0.0000 
53785 2021 8 3 19 139 0.8000 25.1000 0.0000 
53785 2021 8 3 20 144 1.3000 24.8000 0.0000 
53785 2021 8 3 21 231 1.0000 24.8000 0.0000 
53785 2021 8 3 22 312 0.8000 24.7000 0.0000 
53789 2021 8 3 18 104 0.5000 26.5000 0.0000 
53789 2021 8 3 19 359 1.0000 26.3000 0.0000 
53789 2021 8 3 20 352 1.4000 26.2000 0.0000 
53789 2021 8 3 21 337 0.4000 26.1000 0.0000 
53789 2021 8 3 22 999017 0.2000 25.7000 0.1000 
53790 2021 8 3 18 28 0.7000 25.2000 0.0000 
53790 2021 8 3 19 78 0.7000 24.9000 0.0000 
53790 2021 8 3 20 353 0.9000 24.6000 0.0000 
53790 2021 8 3 21 338 1.2000 24.7000 0.0000 
53790 2021 8 3 22 343 1.0000 24.7000 0.0000 
53791 2021 8 3 18 328 1.2000 24.8000 0.0000 
53791 2021 8 3 19 16 1.3000 24.7000 0.0000 
53791 2021 8 3 20 349 0.6000 24.6000 0.0000 
53791 2021 8 3 21 16 0.8000 24.6000 0.1000 
53791 2021 8 3 22 288 0.9000 24.4000 0.1000 
53792 2021 8 3 18 174 1.3000 27.0000 0.0000 
53792 2021 8 3 19 157 1.7000 26.8000 0.0000 
53792 2021 8 3 20 171 0.4000 26.8000 0.0000 
53792 2021 8 3 21 23 1.8000 25.7000 0.0000 
53792 2021 8 3 22 11 2.2000 25.4000 0.0000 
53794 2021 8 3 18 179 1.8000 27.0000 0.0000 
53794 2021 8 3 19 197 1.5000 26.6000 0.0000 
53794 2021 8 3 20 129 1.3000 26.1000 0.0000 
53794 2021 8 3 21 177 0.7000 25.6000 0.0000 
53794 2021 8 3 22 190 0.9000 25.8000 0.0000 
53795 2021 8 3 18 333 1.8000 24.8000 0.0000 
53795 2021 8 3 19 342 2.9000 24.3000 0.0000 
53795 2021 8 3 20 338 2.0000 24.3000 0.0000 
53795 2021 8 3 21 999017 0.2000 24.4000 0.0000 
53795 2021 8 3 22 207 1.5000 24.2000 0.1000 
53796 2021 8 3 18 142 1.2000 26.7000 0.0000 
53796 2021 8 3 19 133 0.6000 26.3000 0.0000 
53796 2021 8 3 20 123 0.9000 25.9000 0.0000 
53796 2021 8 3 21 123 1.6000 25.9000 0.0000 
53796 2021 8 3 22 129 1.0000 25.9000 0.0000 
53797 2021 8 3 18 236 2.4000 25.6000 0.0000 
53797 2021 8 3 19 223 2.8000 25.5000 0.0000 
53797 2021 8 3 20 138 1.4000 25.4000 0.0000 
53797 2021 8 3 21 232 1.4000 25.2000 0.0000 
53797 2021 8 3 22 5 2.8000 24.9000 0.0000 
53798 2021 8 3 18 211 3.4000 27.5000 0.0000 
53798 2021 8 3 19 297 1.2000 27.4000 0.0000 
53798 2021 8 3 20 278 1.8000 25.6000 0.0000 
53798 2021 8 3 21 336 1.7000 25.6000 0.0000 
53798 2021 8 3 22 320 1.4000 25.0000 0.0000 
53799 2021 8 3 18 186 2.6000 27.0000 0.0000 
53799 2021 8 3 19 193 2.4000 26.5000 0.0000 
53799 2021 8 3 20 174 1.3000 26.3000 0.0000 
53799 2021 8 3 21 184 2.2000 26.4000 0.0000 
53799 2021 8 3 22 176 3.1000 26.4000 0.0000 
53883 2021 8 3 18 190 1.9000 27.2000 0.0000 
53883 2021 8 3 19 188 2.2000 27.3000 0.0000 
53883 2021 8 3 20 132 1.1000 26.8000 0.0000 
53883 2021 8 3 21 178 1.6000 26.1000 0.0000 
53883 2021 8 3 22 214 1.3000 26.0000 0.0000 
53886 2021 8 3 18 999017 0.2000 24.7000 0.0000 
53886 2021 8 3 19 168 0.5000 24.4000 0.0000 
53886 2021 8 3 20 149 0.6000 23.8000 0.0000 
53886 2021 8 3 21 202 1.5000 23.5000 0.0000 
53886 2021 8 3 22 218 1.6000 23.5000 0.0000 
53890 2021 8 3 18 268 1.0000 25.5000 0.0000 
53890 2021 8 3 19 171 1.3000 24.9000 0.0000 
53890 2021 8 3 20 243 2.5000 24.9000 0.0000 
53890 2021 8 3 21 226 2.3000 24.7000 0.0000 
53890 2021 8 3 22 214 1.9000 24.2000 0.0000 
53891 2021 8 3 18 165 2.4000 26.9000 0.0000 
53891 2021 8 3 19 166 2.2000 26.9000 0.0000 
53891 2021 8 3 20 151 0.9000 26.3000 0.0000 
53891 2021 8 3 21 166 2.6000 26.2000 0.0000 
53891 2021 8 3 22 161 2.6000 25.9000 0.0000 
53892 2021 8 3 18 175 1.2000 26.8000 0.0000 
53892 2021 8 3 19 172 1.3000 27.1000 0.0000 
53892 2021 8 3 20 180 1.3000 26.7000 0.0000 
53892 2021 8 3 21 202 1.1000 26.7000 0.0000 
53892 2021 8 3 22 203 1.6000 27.0000 0.0000 
53893 2021 8 3 18 157 1.6000 25.6000 0.0000 
53893 2021 8 3 19 168 1.7000 25.7000 0.0000 
53893 2021 8 3 20 166 1.7000 25.3000 0.0000 
53893 2021 8 3 21 174 1.8000 25.2000 0.0000 
53893 2021 8 3 22 176 1.3000 25.4000 0.0000 
53894 2021 8 3 18 320 1.1000 26.1000 0.0000 
53894 2021 8 3 19 199 1.1000 26.2000 0.0000 
53894 2021 8 3 20 236 1.4000 25.7000 0.0000 
53894 2021 8 3 21 216 1.6000 25.4000 0.0000 
53894 2021 8 3 22 186 1.6000 24.9000 0.0000 
53895 2021 8 3 18 231 1.6000 26.7000 0.0000 
53895 2021 8 3 19 190 1.8000 26.8000 0.0000 
53895 2021 8 3 20 198 2.0000 26.1000 0.0000 
53895 2021 8 3 21 179 1.8000 25.9000 0.0000 
53895 2021 8 3 22 215 2.3000 26.0000 0.0000 
53896 2021 8 3 18 156 1.0000 25.4000 0.0000 
53896 2021 8 3 19 206 0.3000 25.5000 0.0000 
53896 2021 8 3 20 145 1.1000 25.5000 0.0000 
53896 2021 8 3 21 186 1.0000 25.0000 0.0000 
53896 2021 8 3 22 205 1.1000 24.9000 0.0000 
53897 2021 8 3 18 253 0.7000 25.6000 0.0000 
53897 2021 8 3 19 151 0.8000 25.8000 0.0000 
53897 2021 8 3 20 255 1.2000 25.4000 0.0000 
53897 2021 8 3 21 209 0.8000 25.3000 0.0000 
53897 2021 8 3 22 225 1.8000 24.8000 0.0000 
53899 2021 8 3 18 185 2.1000 26.4000 0.0000 
53899 2021 8 3 19 178 1.0000 26.0000 0.0000 
53899 2021 8 3 20 164 1.6000 26.0000 0.0000 
53899 2021 8 3 21 211 1.0000 25.5000 0.0000 
53899 2021 8 3 22 185 0.9000 25.7000 0.0000 
53980 2021 8 3 18 999017 0.2000 25.9000 0.0000 
53980 2021 8 3 19 181 1.1000 25.4000 0.0000 
53980 2021 8 3 20 196 1.0000 25.2000 0.0000 
53980 2021 8 3 21 193 1.1000 25.4000 0.0000 
53980 2021 8 3 22 191 1.4000 25.4000 0.0000 
53996 2021 8 3 18 161 0.8000 25.8000 0.0000 
53996 2021 8 3 19 185 0.9000 25.2000 0.0000 
53996 2021 8 3 20 205 0.9000 25.3000 0.0000 
53996 2021 8 3 21 194 0.3000 25.2000 0.0000 
53996 2021 8 3 22 181 1.1000 25.3000 0.0000 
54301 2021 8 3 18 195 1.7000 15.4000 0.0000 
54301 2021 8 3 19 173 0.3000 14.6000 0.0000 
54301 2021 8 3 20 256 0.5000 13.4000 0.2000 
54301 2021 8 3 21 175 1.5000 13.1000 0.0000 
54301 2021 8 3 22 272 1.3000 13.1000 0.0000 
54304 2021 8 3 18 143 1.0000 17.8000 0.0000 
54304 2021 8 3 19 317 0.7000 17.4000 0.0000 
54304 2021 8 3 20 139 1.4000 16.6000 0.0000 
54304 2021 8 3 21 999017 0.1000 15.8000 0.0000 
54304 2021 8 3 22 229 1.4000 15.5000 0.0000 
54308 2021 8 3 18 307 5.9000 18.1000 2.5000 
54308 2021 8 3 19 145 1.6000 17.1000 12.1000 
54308 2021 8 3 20 58 0.3000 17.0000 0.5000 
54308 2021 8 3 21 170 0.7000 17.0000 0.0000 
54308 2021 8 3 22 309 1.1000 17.2000 0.0000 
54311 2021 8 3 18 154 0.3000 18.7000 0.6000 
54311 2021 8 3 19 285 8.8000 17.8000 7.4000 
54311 2021 8 3 20 139 1.1000 15.9000 10.1000 
54311 2021 8 3 21 167 1.9000 15.7000 0.6000 
54311 2021 8 3 22 126 1.0000 15.0000 0.0000 
54318 2021 8 3 18 315 0.3000 20.5000 0.1000 
54318 2021 8 3 19 179 1.3000 20.6000 0.2000 
54318 2021 8 3 20 224 1.9000 18.4000 5.8000 
54318 2021 8 3 21 80 0.7000 17.9000 0.3000 
54318 2021 8 3 22 242 0.8000 17.6000 0.3000 
54319 2021 8 3 18 215 1.1000 20.9000 0.0000 
54319 2021 8 3 19 294 1.1000 20.5000 0.0000 
54319 2021 8 3 20 279 1.3000 20.6000 0.0000 
54319 2021 8 3 21 246 2.2000 21.3000 0.0000 
54319 2021 8 3 22 279 2.5000 19.5000 0.1000 
54401 2021 8 3 18 42 1.6000 19.6000 0.0000 
54401 2021 8 3 19 38 1.1000 18.8000 0.0000 
54401 2021 8 3 20 40 0.7000 18.4000 0.0000 
54401 2021 8 3 21 999017 0.0000 18.1000 0.0000 
54401 2021 8 3 22 999017 0.0000 18.2000 0.0000 
54404 2021 8 3 18 999017 0.2000 19.7000 4.6000 
54404 2021 8 3 19 999017 0.0000 19.4000 0.1000 
54404 2021 8 3 20 267 0.7000 18.3000 0.0000 
54404 2021 8 3 21 999017 0.2000 18.7000 0.0000 
54404 2021 8 3 22 5 1.0000 18.4000 0.0000 
54405 2021 8 3 18 323 0.6000 21.9000 0.7000 
54405 2021 8 3 19 999017 0.0000 21.9000 0.0000 
54405 2021 8 3 20 257 0.8000 21.5000 0.0000 
54405 2021 8 3 21 999017 0.2000 20.8000 0.0000 
54405 2021 8 3 22 241 1.0000 20.9000 0.0000 
54408 2021 8 3 18 234 0.8000 22.6000 0.0000 
54408 2021 8 3 19 104 1.1000 22.1000 0.0000 
54408 2021 8 3 20 51 0.5000 21.4000 0.0000 
54408 2021 8 3 21 179 0.9000 20.6000 0.0000 
54408 2021 8 3 22 268 0.4000 20.7000 0.0000 
54420 2021 8 3 18 244 0.8000 21.9000 0.1000 
54420 2021 8 3 19 233 1.9000 21.9000 0.5000 
54420 2021 8 3 20 241 2.5000 21.7000 8.6000 
54420 2021 8 3 21 78 2.4000 19.2000 1.8000 
54420 2021 8 3 22 42 1.2000 18.1000 3.5000 
54423 2021 8 3 18 346 0.5000 21.6000 0.0000 
54423 2021 8 3 19 349 1.2000 21.3000 0.0000 
54423 2021 8 3 20 334 1.4000 21.1000 0.2000 
54423 2021 8 3 21 328 2.2000 18.8000 4.0000 
54423 2021 8 3 22 192 0.8000 17.7000 10.7000 
54425 2021 8 3 18 249 4.2000 22.0000 0.0000 
54425 2021 8 3 19 272 2.3000 21.9000 0.0000 
54425 2021 8 3 20 269 3.5000 21.5000 0.2000 
54425 2021 8 3 21 237 2.9000 21.6000 0.3000 
54425 2021 8 3 22 306 1.4000 21.1000 2.4000 
54429 2021 8 3 18 216 2.0000 25.5000 0.0000 
54429 2021 8 3 19 210 2.0000 25.4000 0.0000 
54429 2021 8 3 20 221 2.3000 25.3000 0.0000 
54429 2021 8 3 21 238 2.2000 25.1000 0.2000 
54429 2021 8 3 22 216 2.0000 25.1000 0.0000 
54430 2021 8 3 18 76 0.7000 20.8000 0.0000 
54430 2021 8 3 19 77 1.6000 21.0000 0.0000 
54430 2021 8 3 20 999017 0.1000 21.1000 0.0000 
54430 2021 8 3 21 99 0.5000 21.1000 0.3000 
54430 2021 8 3 22 30 2.8000 19.8000 6.0000 
54432 2021 8 3 18 220 4.9000 23.0000 0.0000 
54432 2021 8 3 19 228 1.7000 22.9000 0.0000 
54432 2021 8 3 20 245 1.3000 22.8000 0.0000 
54432 2021 8 3 21 280 1.1000 22.5000 0.7000 
54432 2021 8 3 22 999017 0.0000 22.3000 1.5000 
54434 2021 8 3 18 99 1.6000 23.2000 0.0000 
54434 2021 8 3 19 104 1.6000 23.2000 0.0000 
54434 2021 8 3 20 106 2.3000 23.2000 0.0000 
54434 2021 8 3 21 117 1.8000 23.1000 0.0000 
54434 2021 8 3 22 123 1.9000 23.3000 0.0000 
54436 2021 8 3 18 229 2.2000 23.2000 0.0000 
54436 2021 8 3 19 230 5.0000 23.3000 0.0000 
54436 2021 8 3 20 207 2.2000 23.2000 0.0000 
54436 2021 8 3 21 238 1.6000 23.1000 0.0000 
54436 2021 8 3 22 214 0.6000 23.0000 0.0000 
54437 2021 8 3 18 152 1.8000 23.3000 0.0000 
54437 2021 8 3 19 180 1.5000 23.1000 0.0000 
54437 2021 8 3 20 217 1.1000 23.1000 0.0000 
54437 2021 8 3 21 175 1.4000 23.1000 0.0000 
54437 2021 8 3 22 153 1.6000 23.4000 0.0000 
54438 2021 8 3 18 999017 0.2000 23.2000 0.0000 
54438 2021 8 3 19 999017 0.0000 23.3000 0.0000 
54438 2021 8 3 20 999017 0.0000 23.3000 0.0000 
54438 2021 8 3 21 124 1.0000 23.2000 0.0000 
54438 2021 8 3 22 999017 0.0000 23.0000 0.0000 
54439 2021 8 3 18 114 0.9000 23.1000 0.0000 
54439 2021 8 3 19 93 1.0000 23.2000 0.0000 
54439 2021 8 3 20 116 1.2000 23.3000 0.0000 
54439 2021 8 3 21 95 0.9000 23.1000 0.0000 
54439 2021 8 3 22 103 1.2000 23.2000 0.0000 
54449 2021 8 3 18 23 0.4000 22.2000 0.0000 
54449 2021 8 3 19 999017 0.1000 22.3000 0.0000 
54449 2021 8 3 20 340 0.4000 22.1000 0.0000 
54449 2021 8 3 21 999017 0.2000 21.9000 0.0000 
54449 2021 8 3 22 999017 0.1000 22.4000 0.0000 
54502 2021 8 3 18 219 1.0000 26.1000 0.1000 
54502 2021 8 3 19 245 0.5000 25.3000 0.9000 
54502 2021 8 3 20 310 0.7000 24.7000 5.3000 
54502 2021 8 3 21 209 0.7000 24.3000 3.3000 
54502 2021 8 3 22 85 0.8000 24.3000 0.1000 
54503 2021 8 3 18 181 1.8000 26.5000 0.0000 
54503 2021 8 3 19 187 1.9000 25.7000 0.1000 
54503 2021 8 3 20 339 3.2000 24.9000 0.5000 
54503 2021 8 3 21 350 1.3000 24.1000 0.7000 
54503 2021 8 3 22 50 1.6000 24.2000 0.6000 
54506 2021 8 3 18 191 1.2000 26.2000 0.0000 
54506 2021 8 3 19 317 0.6000 25.4000 0.2000 
54506 2021 8 3 20 145 0.6000 24.6000 4.4000 
54506 2021 8 3 21 82 0.6000 24.0000 16.8000 
54506 2021 8 3 22 73 0.8000 23.9000 2.8000 
54507 2021 8 3 18 313 1.7000 24.2000 2.1000 
54507 2021 8 3 19 279 1.3000 23.7000 4.0000 
54507 2021 8 3 20 354 0.4000 23.5000 19.7000 
54507 2021 8 3 21 2 0.9000 23.5000 0.4000 
54507 2021 8 3 22 13 0.5000 23.7000 0.0000 
54510 2021 8 3 18 123 1.0000 25.0000 0.0000 
54510 2021 8 3 19 185 1.2000 25.1000 0.0000 
54510 2021 8 3 20 167 1.1000 24.8000 0.3000 
54510 2021 8 3 21 169 1.5000 24.6000 0.1000 
54510 2021 8 3 22 189 1.4000 24.4000 1.0000 
54512 2021 8 3 18 177 0.6000 25.2000 0.0000 
54512 2021 8 3 19 158 0.5000 24.8000 0.1000 
54512 2021 8 3 20 999017 0.2000 24.4000 0.4000 
54512 2021 8 3 21 336 1.2000 23.9000 15.7000 
54512 2021 8 3 22 117 1.0000 23.7000 11.7000 
54515 2021 8 3 18 216 1.0000 25.8000 0.0000 
54515 2021 8 3 19 195 0.8000 25.5000 0.0000 
54515 2021 8 3 20 195 0.6000 25.0000 0.5000 
54515 2021 8 3 21 216 0.7000 24.8000 1.9000 
54515 2021 8 3 22 225 1.8000 24.2000 12.0000 
54518 2021 8 3 18 149 0.8000 25.3000 0.0000 
54518 2021 8 3 19 154 1.2000 24.9000 0.0000 
54518 2021 8 3 20 149 1.2000 24.7000 0.3000 
54518 2021 8 3 21 178 0.4000 24.6000 0.1000 
54518 2021 8 3 22 134 1.0000 24.2000 4.9000 
54519 2021 8 3 18 125 0.9000 25.4000 0.0000 
54519 2021 8 3 19 141 0.9000 25.1000 0.1000 
54519 2021 8 3 20 134 0.8000 24.7000 0.8000 
54519 2021 8 3 21 999017 0.1000 24.5000 0.5000 
54519 2021 8 3 22 160 0.6000 23.9000 9.6000 
54520 2021 8 3 18 119 0.6000 24.3000 0.0000 
54520 2021 8 3 19 89 0.9000 24.3000 0.0000 
54520 2021 8 3 20 97 1.0000 24.2000 0.2000 
54520 2021 8 3 21 112 0.9000 24.1000 0.1000 
54520 2021 8 3 22 137 0.5000 24.1000 0.9000 
54521 2021 8 3 18 999017 0.2000 25.1000 0.0000 
54521 2021 8 3 19 167 0.8000 25.3000 0.0000 
54521 2021 8 3 20 198 0.4000 25.1000 0.4000 
54521 2021 8 3 21 226 1.3000 24.8000 1.2000 
54521 2021 8 3 22 209 0.8000 24.5000 2.2000 
54522 2021 8 3 18 83 0.5000 24.0000 0.0000 
54522 2021 8 3 19 74 0.6000 24.0000 0.0000 
54522 2021 8 3 20 111 1.2000 24.0000 0.0000 
54522 2021 8 3 21 81 1.4000 23.9000 0.0000 
54522 2021 8 3 22 107 0.8000 24.0000 0.1000 
54531 2021 8 3 18 142 0.5000 23.2000 0.0000 
54531 2021 8 3 19 84 0.5000 22.7000 0.0000 
54531 2021 8 3 20 75 0.7000 22.6000 0.0000 
54531 2021 8 3 21 93 0.9000 22.7000 0.0000 
54531 2021 8 3 22 108 1.0000 22.8000 0.0000 
54532 2021 8 3 18 125 1.3000 24.7000 0.0000 
54532 2021 8 3 19 122 1.0000 24.9000 0.0000 
54532 2021 8 3 20 108 0.7000 24.9000 0.0000 
54532 2021 8 3 21 105 1.1000 24.9000 0.0000 
54532 2021 8 3 22 107 1.1000 24.8000 0.0000 
54533 2021 8 3 18 175 2.5000 25.4000 0.0000 
54533 2021 8 3 19 197 2.7000 25.5000 0.0000 
54533 2021 8 3 20 183 1.9000 25.5000 0.0000 
54533 2021 8 3 21 175 1.8000 25.5000 0.0000 
54533 2021 8 3 22 183 1.1000 25.4000 0.0000 
54534 2021 8 3 18 170 2.7000 24.7000 0.0000 
54534 2021 8 3 19 174 1.7000 24.9000 0.0000 
54534 2021 8 3 20 171 1.3000 24.8000 0.0000 
54534 2021 8 3 21 167 2.0000 25.0000 0.0000 
54534 2021 8 3 22 151 1.7000 24.9000 0.0000 
54535 2021 8 3 18 163 1.6000 24.6000 0.0000 
54535 2021 8 3 19 167 2.4000 24.8000 0.0000 
54535 2021 8 3 20 179 2.6000 25.1000 0.0000 
54535 2021 8 3 21 186 1.6000 25.0000 0.0000 
54535 2021 8 3 22 156 1.0000 25.0000 0.0000 
54539 2021 8 3 18 169 1.7000 23.6000 0.0000 
54539 2021 8 3 19 192 1.7000 23.6000 0.0000 
54539 2021 8 3 20 167 1.9000 23.6000 0.0000 
54539 2021 8 3 21 175 1.2000 23.6000 0.0000 
54539 2021 8 3 22 156 1.4000 23.7000 0.0000 
54540 2021 8 3 18 242 1.4000 23.0000 0.0000 
54540 2021 8 3 19 230 0.9000 22.8000 0.0000 
54540 2021 8 3 20 999017 0.0000 22.9000 0.0000 
54540 2021 8 3 21 267 0.5000 22.8000 0.0000 
54540 2021 8 3 22 63 1.4000 22.6000 0.0000 
54541 2021 8 3 18 106 0.3000 22.6000 0.0000 
54541 2021 8 3 19 268 0.4000 22.6000 0.0000 
54541 2021 8 3 20 316 0.4000 22.4000 0.0000 
54541 2021 8 3 21 261 0.8000 22.4000 0.0000 
54541 2021 8 3 22 999017 0.2000 22.6000 0.0000 
54601 2021 8 3 18 999017 0.0000 26.2000 0.0000 
54601 2021 8 3 19 152 0.5000 25.4000 0.3000 
54601 2021 8 3 20 345 2.5000 25.1000 0.3000 
54601 2021 8 3 21 67 1.4000 24.7000 0.5000 
54601 2021 8 3 22 57 1.9000 24.3000 0.0000 
54602 2021 8 3 18 172 0.8000 26.3000 0.0000 
54602 2021 8 3 19 211 0.6000 25.4000 0.2000 
54602 2021 8 3 20 999017 0.0000 24.9000 0.3000 
54602 2021 8 3 21 70 0.7000 25.1000 0.6000 
54602 2021 8 3 22 123 1.0000 25.2000 0.0000 
54603 2021 8 3 18 162 1.6000 26.4000 0.0000 
54603 2021 8 3 19 160 1.3000 26.1000 0.0000 
54603 2021 8 3 20 166 2.3000 25.9000 0.0000 
54603 2021 8 3 21 335 1.4000 25.8000 0.0000 
54603 2021 8 3 22 1 0.3000 25.1000 0.0000 
54604 2021 8 3 18 196 0.8000 25.1000 0.0000 
54604 2021 8 3 19 217 0.5000 25.1000 0.0000 
54604 2021 8 3 20 177 1.2000 25.0000 0.0000 
54604 2021 8 3 21 161 1.2000 24.8000 0.0000 
54604 2021 8 3 22 189 0.3000 24.6000 0.0000 
54605 2021 8 3 18 163 0.8000 25.7000 0.0000 
54605 2021 8 3 19 159 1.6000 25.7000 0.0000 
54605 2021 8 3 20 164 1.6000 25.4000 0.0000 
54605 2021 8 3 21 316 1.0000 25.0000 0.4000 
54605 2021 8 3 22 136 1.3000 24.5000 2.4000 
54606 2021 8 3 18 141 1.2000 25.6000 0.0000 
54606 2021 8 3 19 166 1.3000 25.4000 0.0000 
54606 2021 8 3 20 150 1.5000 25.3000 0.0000 
54606 2021 8 3 21 154 1.1000 25.1000 0.0000 
54606 2021 8 3 22 188 1.5000 25.1000 0.0000 
54607 2021 8 3 18 131 0.7000 25.4000 0.0000 
54607 2021 8 3 19 999017 0.2000 25.2000 0.0000 
54607 2021 8 3 20 95 0.5000 25.0000 0.0000 
54607 2021 8 3 21 11 0.7000 25.1000 0.0000 
54607 2021 8 3 22 999017 0.1000 24.9000 0.0000 
54608 2021 8 3 18 126 1.1000 25.9000 0.0000 
54608 2021 8 3 19 145 0.7000 25.8000 0.0000 
54608 2021 8 3 20 122 1.0000 25.6000 0.0000 
54608 2021 8 3 21 151 0.7000 25.5000 0.0000 
54608 2021 8 3 22 181 1.0000 25.4000 0.0000 
54609 2021 8 3 18 134 1.5000 26.1000 0.0000 
54609 2021 8 3 19 155 1.5000 25.9000 0.0000 
54609 2021 8 3 20 147 1.5000 25.7000 0.0000 
54609 2021 8 3 21 146 1.3000 25.3000 0.0000 
54609 2021 8 3 22 209 0.8000 25.2000 0.0000 
54610 2021 8 3 18 117 1.6000 27.0000 0.0000 
54610 2021 8 3 19 159 1.4000 26.5000 0.0000 
54610 2021 8 3 20 159 2.9000 26.4000 0.0000 
54610 2021 8 3 21 165 2.5000 26.0000 0.0000 
54610 2021 8 3 22 1 1.5000 25.9000 0.0000 
54611 2021 8 3 18 185 0.5000 26.2000 0.0000 
54611 2021 8 3 19 178 0.4000 25.5000 0.0000 
54611 2021 8 3 20 78 0.7000 25.6000 0.1000 
54611 2021 8 3 21 37 1.8000 25.2000 0.1000 
54611 2021 8 3 22 52 1.6000 24.8000 0.0000 
54612 2021 8 3 18 153 0.7000 24.7000 0.0000 
54612 2021 8 3 19 169 0.7000 24.8000 0.0000 
54612 2021 8 3 20 135 1.1000 24.7000 0.0000 
54612 2021 8 3 21 138 0.8000 24.5000 0.0000 
54612 2021 8 3 22 153 0.3000 24.4000 0.0000 
54613 2021 8 3 18 107 1.9000 25.5000 0.0000 
54613 2021 8 3 19 110 1.7000 25.5000 0.0000 
54613 2021 8 3 20 109 2.2000 25.3000 0.0000 
54613 2021 8 3 21 109 1.9000 25.0000 0.0000 
54613 2021 8 3 22 108 2.5000 24.9000 0.0000 
54614 2021 8 3 18 122 1.2000 25.1000 0.0000 
54614 2021 8 3 19 124 1.1000 25.1000 0.0000 
54614 2021 8 3 20 134 1.3000 25.1000 0.0000 
54614 2021 8 3 21 117 1.0000 24.8000 0.0000 
54614 2021 8 3 22 114 0.7000 24.7000 0.0000 
54615 2021 8 3 18 143 1.6000 25.3000 0.0000 
54615 2021 8 3 19 156 2.1000 25.1000 0.0000 
54615 2021 8 3 20 153 2.0000 24.9000 0.0000 
54615 2021 8 3 21 144 2.2000 24.7000 0.0000 
54615 2021 8 3 22 156 1.9000 24.8000 0.0000 
54616 2021 8 3 18 170 3.0000 25.7000 0.0000 
54616 2021 8 3 19 177 2.4000 25.6000 0.0000 
54616 2021 8 3 20 179 2.4000 25.5000 0.0000 
54616 2021 8 3 21 184 2.3000 25.3000 0.0000 
54616 2021 8 3 22 181 2.8000 25.1000 0.0000 
54617 2021 8 3 18 156 1.8000 25.4000 0.0000 
54617 2021 8 3 19 151 2.3000 25.2000 0.0000 
54617 2021 8 3 20 169 1.4000 25.2000 0.0000 
54617 2021 8 3 21 168 2.3000 25.0000 0.0000 
54617 2021 8 3 22 165 2.1000 24.9000 0.0000 
54618 2021 8 3 18 133 1.7000 25.6000 0.0000 
54618 2021 8 3 19 150 2.5000 25.4000 0.0000 
54618 2021 8 3 20 160 1.2000 25.1000 0.0000 
54618 2021 8 3 21 145 1.8000 24.9000 0.0000 
54618 2021 8 3 22 161 1.3000 24.8000 0.0000 
54620 2021 8 3 18 163 1.6000 26.1000 0.0000 
54620 2021 8 3 19 160 1.4000 26.2000 0.0000 
54620 2021 8 3 20 161 1.2000 25.5000 0.1000 
54620 2021 8 3 21 180 0.9000 25.3000 0.0000 
54620 2021 8 3 22 144 0.4000 25.1000 0.0000 
54621 2021 8 3 18 999017 0.1000 25.6000 0.0000 
54621 2021 8 3 19 999017 0.2000 25.6000 0.0000 
54621 2021 8 3 20 999017 0.1000 25.3000 0.0000 
54621 2021 8 3 21 204 0.4000 25.0000 0.0000 
54621 2021 8 3 22 186 0.4000 24.9000 0.0000 
54624 2021 8 3 18 155 2.1000 25.6000 0.0000 
54624 2021 8 3 19 160 1.9000 25.4000 0.0000 
54624 2021 8 3 20 142 2.0000 25.1000 0.0000 
54624 2021 8 3 21 142 1.4000 24.9000 0.0000 
54624 2021 8 3 22 196 1.9000 25.0000 0.0000 
54626 2021 8 3 18 133 0.8000 25.4000 0.0000 
54626 2021 8 3 19 137 1.0000 25.5000 0.0000 
54626 2021 8 3 20 999017 0.2000 25.3000 0.0000 
54626 2021 8 3 21 150 0.9000 25.1000 0.0000 
54626 2021 8 3 22 157 0.6000 25.0000 0.0000 
54627 2021 8 3 18 127 1.7000 24.2000 0.0000 
54627 2021 8 3 19 154 1.6000 24.2000 0.0000 
54627 2021 8 3 20 153 1.0000 24.0000 0.0000 
54627 2021 8 3 21 162 0.9000 23.9000 0.0000 
54627 2021 8 3 22 185 1.0000 23.9000 0.0000 
54628 2021 8 3 18 146 2.7000 23.9000 0.0000 
54628 2021 8 3 19 157 2.4000 24.0000 0.0000 
54628 2021 8 3 20 161 0.9000 23.5000 0.0000 
54628 2021 8 3 21 162 1.6000 23.1000 0.0000 
54628 2021 8 3 22 183 2.1000 23.4000 0.0000 
54631 2021 8 3 18 148 3.1000 26.9000 0.0000 
54631 2021 8 3 19 177 3.0000 26.8000 0.0000 
54631 2021 8 3 20 175 3.2000 26.5000 0.0000 
54631 2021 8 3 21 178 2.0000 26.2000 0.0000 
54631 2021 8 3 22 184 3.0000 26.3000 0.0000 
54632 2021 8 3 18 145 1.6000 26.4000 0.0000 
54632 2021 8 3 19 189 0.9000 26.1000 0.0000 
54632 2021 8 3 20 177 1.1000 26.0000 0.0000 
54632 2021 8 3 21 178 1.0000 25.8000 0.0000 
54632 2021 8 3 22 145 1.0000 25.6000 0.0000 
54633 2021 8 3 18 166 1.0000 25.9000 0.0000 
54633 2021 8 3 19 161 1.4000 25.8000 0.0000 
54633 2021 8 3 20 149 1.1000 25.4000 0.0000 
54633 2021 8 3 21 174 1.4000 25.2000 0.0000 
54633 2021 8 3 22 161 1.5000 25.1000 0.0000 
54636 2021 8 3 18 130 1.4000 25.3000 0.0000 
54636 2021 8 3 19 162 2.4000 25.1000 0.0000 
54636 2021 8 3 20 162 1.0000 25.0000 0.1000 
54636 2021 8 3 21 323 1.0000 24.9000 0.1000 
54636 2021 8 3 22 28 1.4000 24.2000 10.2000 
54640 2021 8 3 18 142 1.4000 26.2000 0.0000 
54640 2021 8 3 19 173 2.1000 26.1000 0.0000 
54640 2021 8 3 20 175 1.6000 25.5000 0.0000 
54640 2021 8 3 21 193 1.5000 25.3000 0.0000 
54640 2021 8 3 22 171 1.4000 25.4000 0.0000 
54644 2021 8 3 18 158 1.7000 23.7000 0.0000 
54644 2021 8 3 19 155 1.1000 23.6000 0.0000 
54644 2021 8 3 20 136 1.2000 23.3000 0.0000 
54644 2021 8 3 21 166 1.8000 23.3000 0.0000 
54644 2021 8 3 22 181 1.8000 23.4000 0.0000 
54700 2021 8 3 18 115 1.6000 25.1000 0.0000 
54700 2021 8 3 19 133 2.2000 25.1000 0.0000 
54700 2021 8 3 20 147 0.7000 25.2000 0.0000 
54700 2021 8 3 21 150 2.0000 25.0000 0.0000 
54700 2021 8 3 22 160 1.1000 24.8000 0.0000 
54701 2021 8 3 18 167 1.1000 27.6000 0.0000 
54701 2021 8 3 19 159 1.3000 27.2000 0.0000 
54701 2021 8 3 20 199 1.0000 26.7000 0.0000 
54701 2021 8 3 21 159 1.9000 26.4000 0.0000 
54701 2021 8 3 22 165 0.9000 26.0000 0.0000 
54702 2021 8 3 18 124 1.6000 26.0000 0.0000 
54702 2021 8 3 19 122 1.0000 26.1000 0.0000 
54702 2021 8 3 20 150 0.9000 26.1000 0.0000 
54702 2021 8 3 21 128 0.9000 25.7000 0.0000 
54702 2021 8 3 22 159 0.5000 25.4000 0.0000 
54703 2021 8 3 18 158 1.1000 25.0000 0.0000 
54703 2021 8 3 19 149 0.8000 25.1000 0.0000 
54703 2021 8 3 20 178 1.2000 25.1000 0.0000 
54703 2021 8 3 21 169 1.2000 24.9000 0.0000 
54703 2021 8 3 22 191 1.3000 24.8000 0.0000 
54704 2021 8 3 18 140 1.5000 24.6000 0.0000 
54704 2021 8 3 19 136 0.9000 24.7000 0.0000 
54704 2021 8 3 20 133 1.2000 24.3000 0.0000 
54704 2021 8 3 21 130 1.0000 24.1000 0.0000 
54704 2021 8 3 22 137 1.0000 24.5000 0.0000 
54705 2021 8 3 18 158 2.4000 27.1000 0.0000 
54705 2021 8 3 19 164 2.5000 26.7000 0.0000 
54705 2021 8 3 20 157 1.4000 26.2000 0.0000 
54705 2021 8 3 21 162 1.1000 26.1000 0.0000 
54705 2021 8 3 22 168 1.7000 26.2000 0.0000 
54706 2021 8 3 18 161 2.3000 26.0000 0.0000 
54706 2021 8 3 19 161 2.1000 25.8000 0.0000 
54706 2021 8 3 20 152 1.6000 25.6000 0.0000 
54706 2021 8 3 21 149 1.6000 25.2000 0.0000 
54706 2021 8 3 22 135 1.5000 25.1000 0.0000 
54707 2021 8 3 18 206 0.7000 25.4000 0.0000 
54707 2021 8 3 19 166 0.9000 24.9000 0.0000 
54707 2021 8 3 20 199 0.7000 24.8000 0.0000 
54707 2021 8 3 21 158 1.3000 24.6000 0.0000 
54707 2021 8 3 22 172 1.8000 24.6000 0.0000 
54708 2021 8 3 18 158 1.6000 25.2000 0.0000 
54708 2021 8 3 19 199 0.7000 24.7000 0.0000 
54708 2021 8 3 20 209 1.0000 24.6000 0.0000 
54708 2021 8 3 21 157 1.1000 24.8000 0.0000 
54708 2021 8 3 22 178 1.0000 24.7000 0.0000 
54710 2021 8 3 18 136 1.4000 25.2000 0.0000 
54710 2021 8 3 19 115 0.6000 25.0000 0.0000 
54710 2021 8 3 20 129 0.8000 24.6000 0.0000 
54710 2021 8 3 21 138 0.8000 24.3000 0.0000 
54710 2021 8 3 22 155 1.0000 24.4000 0.0000 
54711 2021 8 3 18 114 1.3000 25.0000 0.0000 
54711 2021 8 3 19 102 1.1000 24.6000 0.0000 
54711 2021 8 3 20 107 1.0000 24.4000 0.0000 
54711 2021 8 3 21 118 1.3000 24.2000 0.0000 
54711 2021 8 3 22 139 0.7000 24.4000 0.0000 
54713 2021 8 3 18 137 1.3000 25.4000 0.0000 
54713 2021 8 3 19 146 1.4000 25.0000 0.0000 
54713 2021 8 3 20 167 1.4000 24.7000 0.0000 
54713 2021 8 3 21 160 1.0000 24.6000 0.0000 
54713 2021 8 3 22 158 1.2000 24.3000 0.0000 
54717 2021 8 3 18 155 0.7000 24.6000 0.0000 
54717 2021 8 3 19 164 0.9000 24.3000 0.0000 
54717 2021 8 3 20 171 0.4000 24.0000 0.0000 
54717 2021 8 3 21 160 1.5000 23.9000 0.0000 
54717 2021 8 3 22 194 0.8000 23.9000 0.0000 
54719 2021 8 3 18 134 1.9000 24.0000 0.0000 
54719 2021 8 3 19 137 1.2000 23.7000 0.0000 
54719 2021 8 3 20 146 1.2000 23.6000 0.0000 
54719 2021 8 3 21 141 1.1000 23.4000 0.0000 
54719 2021 8 3 22 156 0.8000 23.4000 0.0000 
54800 2021 8 3 18 146 2.6000 26.2000 0.0000 
54800 2021 8 3 19 167 2.4000 26.0000 0.0000 
54800 2021 8 3 20 173 2.8000 25.8000 0.0000 
54800 2021 8 3 21 155 2.2000 25.5000 0.0000 
54800 2021 8 3 22 170 2.6000 25.8000 0.0000 
54801 2021 8 3 18 145 1.6000 25.1000 0.0000 
54801 2021 8 3 19 156 1.9000 24.9000 0.0000 
54801 2021 8 3 20 165 1.3000 24.7000 0.0000 
54801 2021 8 3 21 151 1.6000 24.7000 0.0000 
54801 2021 8 3 22 166 1.4000 24.9000 0.0000 
54804 2021 8 3 18 178 0.9000 24.1000 0.0000 
54804 2021 8 3 19 177 0.3000 24.1000 0.0000 
54804 2021 8 3 20 146 1.0000 24.5000 0.0000 
54804 2021 8 3 21 188 1.0000 23.9000 0.0000 
54804 2021 8 3 22 156 1.0000 24.6000 0.0000 
54809 2021 8 3 18 193 0.3000 26.4000 0.0000 
54809 2021 8 3 19 220 0.4000 26.6000 0.0000 
54809 2021 8 3 20 183 1.2000 26.6000 0.0000 
54809 2021 8 3 21 202 0.8000 25.8000 0.0000 
54809 2021 8 3 22 207 0.5000 25.8000 0.0000 
54820 2021 8 3 18 186 0.6000 25.3000 0.0000 
54820 2021 8 3 19 177 0.9000 25.2000 0.0000 
54820 2021 8 3 20 166 0.8000 25.3000 0.0000 
54820 2021 8 3 21 195 0.6000 24.9000 0.0000 
54820 2021 8 3 22 166 0.9000 25.2000 0.0000 
