Station_Id_C Year Mon Day Hour PRS WIN_D_Avg_2mi WIN_S_Avg_2mi TEM
54398 2021 8 3 0 1003.8000 154 1.4000 25.8000 
54398 2021 8 3 1 1004.2000 114 1.0000 25.4000 
54398 2021 8 3 2 1004.2000 74 1.4000 27.0000 
54398 2021 8 3 3 1003.8000 176 1.7000 27.4000 
54398 2021 8 3 4 1003.3000 146 2.1000 28.3000 
54398 2021 8 3 5 1002.6000 308 0.9000 29.1000 
54398 2021 8 3 6 1002.3000 174 2.0000 29.7000 
54398 2021 8 3 7 1001.6000 157 1.1000 29.7000 
54398 2021 8 3 8 1001.5000 146 1.9000 29.7000 
54398 2021 8 3 9 1001.1000 170 2.9000 29.3000 
54398 2021 8 3 10 1001.1000 184 1.9000 29.2000 
54398 2021 8 3 11 1001.4000 173 1.9000 29.1000 
54398 2021 8 3 12 1001.7000 181 1.8000 28.7000 
54398 2021 8 3 13 1002.3000 179 1.5000 28.2000 
54398 2021 8 3 14 1002.3000 173 1.2000 27.6000 
54398 2021 8 3 15 1001.6000 128 2.2000 27.3000 
54398 2021 8 3 16 1001.7000 160 2.1000 26.8000 
54398 2021 8 3 17 1001.6000 129 1.2000 26.2000 
54398 2021 8 3 18 1001.4000 164 1.7000 26.1000 
54398 2021 8 3 19 1001.4000 150 0.8000 25.4000 
54398 2021 8 3 20 1001.4000 177 1.6000 24.9000 
54398 2021 8 3 21 1001.5000 175 2.5000 24.8000 
54398 2021 8 3 22 1001.7000 174 1.8000 24.6000 
54398 2021 8 3 23 1001.8000 173 1.9000 25.0000 
54399 2021 8 3 0 1001.8000 207 0.3000 25.5000 
54399 2021 8 3 1 1001.9000 316 1.1000 26.3000 
54399 2021 8 3 2 1001.9000 27 0.6000 28.0000 
54399 2021 8 3 3 1001.4000 19 0.7000 27.8000 
54399 2021 8 3 4 1001.0000 116 0.4000 28.6000 
54399 2021 8 3 5 1000.3000 20 0.7000 29.5000 
54399 2021 8 3 6 1000.0000 250 1.8000 29.7000 
54399 2021 8 3 7 999.5000 228 1.7000 29.7000 
54399 2021 8 3 8 999.4000 202 2.0000 29.6000 
54399 2021 8 3 9 999.0000 211 2.7000 29.3000 
54399 2021 8 3 10 999.0000 216 2.7000 28.7000 
54399 2021 8 3 11 999.3000 226 2.2000 28.6000 
54399 2021 8 3 12 999.5000 200 2.4000 28.4000 
54399 2021 8 3 13 1000.1000 198 2.7000 28.2000 
54399 2021 8 3 14 999.8000 194 2.3000 27.9000 
54399 2021 8 3 15 999.3000 202 2.8000 27.9000 
54399 2021 8 3 16 999.5000 219 2.2000 27.4000 
54399 2021 8 3 17 999.4000 195 1.1000 26.7000 
54399 2021 8 3 18 999.2000 210 2.1000 26.3000 
54399 2021 8 3 19 999.0000 186 1.6000 24.7000 
54399 2021 8 3 20 999.1000 208 2.0000 24.9000 
54399 2021 8 3 21 999.3000 197 2.2000 24.8000 
54399 2021 8 3 22 999.4000 220 1.7000 24.4000 
54399 2021 8 3 23 999.5000 224 1.8000 24.9000 
54406 2021 8 3 0 952.2000 128 2.2000 22.7000 
54406 2021 8 3 1 952.4000 114 2.5000 24.2000 
54406 2021 8 3 2 952.3000 79 1.0000 24.7000 
54406 2021 8 3 3 952.0000 104 2.4000 25.7000 
54406 2021 8 3 4 951.5000 99 3.6000 26.1000 
54406 2021 8 3 5 951.0000 93 2.4000 26.3000 
54406 2021 8 3 6 950.8000 133 2.5000 26.0000 
54406 2021 8 3 7 950.5000 126 2.3000 24.9000 
54406 2021 8 3 8 950.3000 94 2.5000 26.0000 
54406 2021 8 3 9 950.2000 154 4.0000 25.5000 
54406 2021 8 3 10 950.2000 186 1.0000 25.3000 
54406 2021 8 3 11 950.2000 119 1.5000 25.0000 
54406 2021 8 3 12 950.5000 113 0.9000 24.2000 
54406 2021 8 3 13 951.2000 128 0.7000 24.1000 
54406 2021 8 3 14 950.8000 56 0.5000 23.9000 
54406 2021 8 3 15 950.2000 89 1.5000 23.3000 
54406 2021 8 3 16 950.4000 270 0.3000 23.1000 
54406 2021 8 3 17 949.9000 999017 0.0000 22.8000 
54406 2021 8 3 18 949.9000 225 0.8000 22.7000 
54406 2021 8 3 19 949.7000 249 0.8000 22.6000 
54406 2021 8 3 20 949.9000 999017 0.1000 22.4000 
54406 2021 8 3 21 949.9000 51 0.3000 22.0000 
54406 2021 8 3 22 950.2000 147 0.3000 22.1000 
54406 2021 8 3 23 950.3000 240 1.1000 22.6000 
54416 2021 8 3 0 998.9000 82 0.8000 24.6000 
54416 2021 8 3 1 999.0000 149 1.7000 26.5000 
54416 2021 8 3 2 999.3000 156 0.6000 27.3000 
54416 2021 8 3 3 999.0000 102 1.5000 27.9000 
54416 2021 8 3 4 998.4000 109 1.1000 28.5000 
54416 2021 8 3 5 997.9000 177 2.7000 28.9000 
54416 2021 8 3 6 997.5000 227 2.3000 29.4000 
54416 2021 8 3 7 997.0000 220 1.0000 29.3000 
54416 2021 8 3 8 996.8000 228 2.2000 28.9000 
54416 2021 8 3 9 996.4000 196 0.9000 28.7000 
54416 2021 8 3 10 996.4000 151 0.8000 28.4000 
54416 2021 8 3 11 996.5000 157 0.6000 27.8000 
54416 2021 8 3 12 996.8000 140 1.8000 27.3000 
54416 2021 8 3 13 997.4000 137 2.1000 27.1000 
54416 2021 8 3 14 997.5000 264 1.0000 26.8000 
54416 2021 8 3 15 996.8000 132 1.2000 26.3000 
54416 2021 8 3 16 996.7000 186 1.1000 25.8000 
54416 2021 8 3 17 996.6000 199 1.6000 25.9000 
54416 2021 8 3 18 996.4000 184 1.6000 26.0000 
54416 2021 8 3 19 996.3000 206 1.9000 25.6000 
54416 2021 8 3 20 996.5000 198 1.7000 25.0000 
54416 2021 8 3 21 996.6000 207 1.3000 24.6000 
54416 2021 8 3 22 996.7000 223 0.8000 24.5000 
54416 2021 8 3 23 996.8000 214 2.0000 25.0000 
54419 2021 8 3 0 998.3000 91 0.6000 25.3000 
54419 2021 8 3 1 998.6000 261 2.3000 26.3000 
54419 2021 8 3 2 998.6000 287 1.8000 26.7000 
54419 2021 8 3 3 998.2000 264 1.5000 27.9000 
54419 2021 8 3 4 997.8000 146 1.2000 27.6000 
54419 2021 8 3 5 997.3000 187 2.4000 28.4000 
54419 2021 8 3 6 996.9000 198 1.0000 29.6000 
54419 2021 8 3 7 996.3000 241 1.9000 28.6000 
54419 2021 8 3 8 996.1000 246 1.0000 28.6000 
54419 2021 8 3 9 995.7000 37 1.1000 28.7000 
54419 2021 8 3 10 995.6000 39 1.4000 28.2000 
54419 2021 8 3 11 995.9000 12 1.5000 26.4000 
54419 2021 8 3 12 996.2000 264 0.5000 25.8000 
54419 2021 8 3 13 996.9000 320 1.8000 25.0000 
54419 2021 8 3 14 996.8000 999017 0.1000 24.6000 
54419 2021 8 3 15 996.1000 50 2.0000 24.3000 
54419 2021 8 3 16 996.4000 343 0.8000 24.5000 
54419 2021 8 3 17 996.1000 999017 0.0000 24.7000 
54419 2021 8 3 18 995.8000 61 0.6000 24.7000 
54419 2021 8 3 19 995.8000 335 0.9000 24.7000 
54419 2021 8 3 20 995.9000 154 1.2000 24.5000 
54419 2021 8 3 21 995.9000 143 0.7000 24.5000 
54419 2021 8 3 22 996.0000 135 1.1000 24.4000 
54419 2021 8 3 23 996.1000 183 1.6000 24.4000 
54421 2021 8 3 0 973.7000 83 1.6000 21.3000 
54421 2021 8 3 1 973.8000 91 1.3000 22.1000 
54421 2021 8 3 2 974.0000 197 2.3000 24.6000 
54421 2021 8 3 3 973.6000 201 2.5000 25.5000 
54421 2021 8 3 4 973.2000 205 2.1000 26.3000 
54421 2021 8 3 5 972.6000 201 4.0000 27.5000 
54421 2021 8 3 6 972.3000 230 4.9000 27.2000 
54421 2021 8 3 7 972.0000 216 2.9000 26.6000 
54421 2021 8 3 8 971.9000 243 2.8000 26.0000 
54421 2021 8 3 9 971.4000 225 2.6000 26.3000 
54421 2021 8 3 10 971.5000 237 2.8000 25.7000 
54421 2021 8 3 11 971.5000 258 2.2000 25.4000 
54421 2021 8 3 12 971.8000 184 1.4000 24.5000 
54421 2021 8 3 13 972.4000 268 2.2000 24.5000 
54421 2021 8 3 14 972.2000 234 2.3000 24.6000 
54421 2021 8 3 15 972.0000 246 2.0000 24.3000 
54421 2021 8 3 16 971.5000 260 2.2000 24.3000 
54421 2021 8 3 17 971.4000 264 2.9000 24.4000 
54421 2021 8 3 18 971.3000 245 3.1000 23.7000 
54421 2021 8 3 19 971.0000 248 3.3000 23.1000 
54421 2021 8 3 20 971.1000 227 4.9000 22.9000 
54421 2021 8 3 21 971.2000 224 3.0000 22.7000 
54421 2021 8 3 22 971.5000 232 3.5000 22.6000 
54421 2021 8 3 23 971.6000 209 4.7000 22.9000 
54424 2021 8 3 0 1003.6000 30 1.3000 25.2000 
54424 2021 8 3 1 1003.7000 34 1.3000 26.2000 
54424 2021 8 3 2 1004.0000 228 1.5000 26.3000 
54424 2021 8 3 3 1003.6000 55 1.5000 27.1000 
54424 2021 8 3 4 1003.0000 284 1.4000 28.3000 
54424 2021 8 3 5 1002.5000 200 1.4000 28.8000 
54424 2021 8 3 6 1002.3000 266 2.1000 29.1000 
54424 2021 8 3 7 1001.7000 212 2.0000 29.7000 
54424 2021 8 3 8 1001.5000 206 1.3000 29.6000 
54424 2021 8 3 9 1001.1000 170 3.2000 29.3000 
54424 2021 8 3 10 1001.1000 168 2.2000 28.6000 
54424 2021 8 3 11 1001.4000 161 2.3000 28.0000 
54424 2021 8 3 12 1001.8000 139 2.1000 27.5000 
54424 2021 8 3 13 1002.5000 126 1.6000 27.0000 
54424 2021 8 3 14 1002.5000 106 1.3000 26.5000 
54424 2021 8 3 15 1002.1000 107 2.0000 25.9000 
54424 2021 8 3 16 1001.6000 90 2.1000 25.7000 
54424 2021 8 3 17 1001.6000 100 2.0000 25.6000 
54424 2021 8 3 18 1001.5000 105 1.9000 25.4000 
54424 2021 8 3 19 1001.5000 99 1.1000 25.1000 
54424 2021 8 3 20 1001.3000 46 1.6000 24.4000 
54424 2021 8 3 21 1001.5000 120 0.7000 24.3000 
54424 2021 8 3 22 1001.5000 200 2.1000 24.8000 
54424 2021 8 3 23 1001.7000 223 3.1000 24.8000 
54431 2021 8 3 0 1004.8000 103 2.4000 24.5000 
54431 2021 8 3 1 1004.8000 122 2.5000 26.3000 
54431 2021 8 3 2 1005.1000 183 1.1000 27.3000 
54431 2021 8 3 3 1004.7000 170 1.4000 27.9000 
54431 2021 8 3 4 1004.1000 147 1.9000 28.9000 
54431 2021 8 3 5 1003.7000 189 1.7000 29.2000 
54431 2021 8 3 6 1003.3000 174 2.9000 29.6000 
54431 2021 8 3 7 1002.8000 162 3.1000 30.6000 
54431 2021 8 3 8 1002.7000 171 2.5000 30.2000 
54431 2021 8 3 9 1002.3000 179 3.7000 29.7000 
54431 2021 8 3 10 1002.3000 189 1.8000 28.9000 
54431 2021 8 3 11 1002.7000 186 1.5000 28.5000 
54431 2021 8 3 12 1003.0000 151 1.4000 27.0000 
54431 2021 8 3 13 1003.5000 142 1.4000 26.3000 
54431 2021 8 3 14 1003.5000 142 2.0000 26.2000 
54431 2021 8 3 15 1002.7000 131 2.0000 26.1000 
54431 2021 8 3 16 1002.8000 157 1.9000 26.0000 
54431 2021 8 3 17 1002.8000 165 2.4000 25.8000 
54431 2021 8 3 18 1002.6000 168 1.8000 25.7000 
54431 2021 8 3 19 1002.5000 171 1.0000 25.1000 
54431 2021 8 3 20 1002.6000 151 0.8000 24.7000 
54431 2021 8 3 21 1002.7000 292 0.3000 24.5000 
54431 2021 8 3 22 1003.0000 184 1.2000 24.4000 
54431 2021 8 3 23 1003.0000 183 2.4000 24.4000 
54433 2021 8 3 0 1003.1000 94 1.6000 25.2000 
54433 2021 8 3 1 1003.3000 85 1.7000 25.8000 
54433 2021 8 3 2 1003.4000 75 2.2000 26.9000 
54433 2021 8 3 3 1002.9000 195 1.2000 27.5000 
54433 2021 8 3 4 1002.4000 71 2.0000 28.7000 
54433 2021 8 3 5 1001.7000 137 0.8000 29.6000 
54433 2021 8 3 6 1001.4000 160 2.0000 30.0000 
54433 2021 8 3 7 1000.8000 229 3.0000 30.5000 
54433 2021 8 3 8 1000.9000 218 2.6000 30.4000 
54433 2021 8 3 9 1000.5000 197 2.5000 29.8000 
54433 2021 8 3 10 1000.5000 219 2.3000 29.5000 
54433 2021 8 3 11 1000.8000 238 2.4000 29.4000 
54433 2021 8 3 12 1001.0000 203 1.9000 29.1000 
54433 2021 8 3 13 1001.6000 210 2.9000 28.9000 
54433 2021 8 3 14 1001.5000 207 1.8000 28.6000 
54433 2021 8 3 15 1000.8000 177 2.6000 28.2000 
54433 2021 8 3 16 1000.9000 209 3.3000 28.0000 
54433 2021 8 3 17 1001.0000 197 3.3000 27.7000 
54433 2021 8 3 18 1000.7000 200 2.3000 26.5000 
54433 2021 8 3 19 1000.6000 178 2.6000 25.7000 
54433 2021 8 3 20 1000.8000 211 1.3000 25.2000 
54433 2021 8 3 21 1000.8000 195 1.9000 24.9000 
54433 2021 8 3 22 1001.0000 206 2.1000 24.8000 
54433 2021 8 3 23 1001.0000 185 1.3000 25.3000 
54499 2021 8 3 0 998.5000 94 1.4000 25.1000 
54499 2021 8 3 1 998.7000 84 1.9000 26.1000 
54499 2021 8 3 2 998.7000 81 1.2000 26.9000 
54499 2021 8 3 3 998.3000 120 1.8000 27.1000 
54499 2021 8 3 4 997.8000 98 1.5000 28.0000 
54499 2021 8 3 5 997.1000 129 0.7000 28.9000 
54499 2021 8 3 6 996.8000 273 2.5000 29.0000 
54499 2021 8 3 7 996.3000 90 1.4000 29.0000 
54499 2021 8 3 8 996.1000 157 2.2000 28.8000 
54499 2021 8 3 9 995.7000 238 0.8000 29.0000 
54499 2021 8 3 10 995.7000 150 1.2000 28.7000 
54499 2021 8 3 11 995.9000 142 1.8000 28.7000 
54499 2021 8 3 12 996.0000 135 1.8000 28.2000 
54499 2021 8 3 13 996.7000 174 1.8000 28.2000 
54499 2021 8 3 14 996.5000 319 1.6000 26.9000 
54499 2021 8 3 15 995.8000 99 1.2000 27.5000 
54499 2021 8 3 16 996.1000 162 1.4000 27.1000 
54499 2021 8 3 17 995.8000 345 0.6000 25.9000 
54499 2021 8 3 18 995.7000 341 1.5000 24.9000 
54499 2021 8 3 19 995.8000 348 1.2000 24.3000 
54499 2021 8 3 20 995.7000 48 1.1000 24.7000 
54499 2021 8 3 21 995.8000 11 1.2000 24.5000 
54499 2021 8 3 22 996.0000 343 2.0000 24.2000 
54499 2021 8 3 23 996.1000 105 1.3000 25.0000 
54501 2021 8 3 0 957.6000 120 0.6000 20.8000 
54501 2021 8 3 1 957.4000 138 1.0000 23.4000 
54501 2021 8 3 2 957.4000 35 1.2000 24.0000 
54501 2021 8 3 3 956.9000 84 1.2000 26.1000 
54501 2021 8 3 4 956.3000 69 3.5000 27.4000 
54501 2021 8 3 5 955.8000 55 4.1000 28.0000 
54501 2021 8 3 6 955.8000 45 3.1000 26.9000 
54501 2021 8 3 7 955.7000 74 3.2000 26.2000 
54501 2021 8 3 8 955.8000 58 1.6000 25.7000 
54501 2021 8 3 9 955.3000 63 2.1000 25.8000 
54501 2021 8 3 10 955.2000 98 1.3000 26.0000 
54501 2021 8 3 11 955.5000 73 2.0000 25.0000 
54501 2021 8 3 12 955.8000 999017 0.0000 24.4000 
54501 2021 8 3 13 956.5000 58 1.7000 24.1000 
54501 2021 8 3 14 955.9000 68 1.1000 23.3000 
54501 2021 8 3 15 955.8000 184 1.1000 22.8000 
54501 2021 8 3 16 955.8000 37 1.3000 22.5000 
54501 2021 8 3 17 955.5000 27 1.0000 22.3000 
54501 2021 8 3 18 955.3000 161 1.1000 22.0000 
54501 2021 8 3 19 955.2000 164 1.0000 21.9000 
54501 2021 8 3 20 955.3000 203 0.9000 21.7000 
54501 2021 8 3 21 955.3000 326 1.2000 21.4000 
54501 2021 8 3 22 955.7000 999017 0.0000 20.7000 
54501 2021 8 3 23 955.9000 93 0.9000 21.4000 
54505 2021 8 3 0 997.5000 131 1.5000 25.1000 
54505 2021 8 3 1 997.7000 54 1.4000 27.0000 
54505 2021 8 3 2 997.6000 141 1.6000 27.1000 
54505 2021 8 3 3 997.2000 87 1.6000 28.2000 
54505 2021 8 3 4 996.9000 148 1.7000 28.7000 
54505 2021 8 3 5 996.1000 175 1.8000 29.4000 
54505 2021 8 3 6 995.9000 185 2.9000 29.1000 
54505 2021 8 3 7 995.4000 224 1.5000 29.8000 
54505 2021 8 3 8 995.3000 224 1.0000 28.8000 
54505 2021 8 3 9 994.9000 211 1.6000 28.7000 
54505 2021 8 3 10 994.8000 200 1.7000 28.4000 
54505 2021 8 3 11 995.2000 231 1.8000 27.9000 
54505 2021 8 3 12 995.5000 176 2.0000 27.4000 
54505 2021 8 3 13 996.0000 324 1.3000 26.4000 
54505 2021 8 3 14 995.7000 79 0.4000 26.0000 
54505 2021 8 3 15 995.2000 209 1.0000 26.2000 
54505 2021 8 3 16 995.4000 247 0.8000 26.0000 
54505 2021 8 3 17 995.2000 228 0.8000 25.5000 
54505 2021 8 3 18 995.0000 245 1.4000 25.2000 
54505 2021 8 3 19 995.0000 189 2.4000 24.5000 
54505 2021 8 3 20 995.1000 181 2.2000 24.3000 
54505 2021 8 3 21 995.1000 198 2.4000 24.1000 
54505 2021 8 3 22 995.2000 207 2.2000 23.7000 
54505 2021 8 3 23 995.3000 183 1.7000 24.1000 
54511 2021 8 3 0 1003.3000 56 1.8000 25.5000 
54511 2021 8 3 1 1003.3000 237 1.7000 26.1000 
54511 2021 8 3 2 1003.5000 59 1.5000 27.3000 
54511 2021 8 3 3 1003.0000 149 1.2000 27.8000 
54511 2021 8 3 4 1002.6000 177 3.2000 29.5000 
54511 2021 8 3 5 1002.1000 220 2.4000 29.4000 
54511 2021 8 3 6 1001.7000 201 2.5000 30.1000 
54511 2021 8 3 7 1001.1000 181 2.6000 31.0000 
54511 2021 8 3 8 1001.2000 186 2.7000 30.1000 
54511 2021 8 3 9 1000.7000 197 2.0000 29.7000 
54511 2021 8 3 10 1000.8000 188 2.2000 29.4000 
54511 2021 8 3 11 1001.1000 216 1.6000 29.2000 
54511 2021 8 3 12 1001.3000 175 1.5000 28.7000 
54511 2021 8 3 13 1002.0000 189 1.9000 28.0000 
54511 2021 8 3 14 1001.8000 184 2.0000 27.5000 
54511 2021 8 3 15 1001.1000 177 2.2000 27.7000 
54511 2021 8 3 16 1001.3000 205 2.2000 26.9000 
54511 2021 8 3 17 1001.3000 196 1.9000 26.4000 
54511 2021 8 3 18 1001.0000 189 1.4000 26.0000 
54511 2021 8 3 19 1000.9000 183 2.1000 25.2000 
54511 2021 8 3 20 1001.2000 207 1.5000 24.5000 
54511 2021 8 3 21 1001.3000 186 1.3000 24.2000 
54511 2021 8 3 22 1001.4000 178 1.4000 24.2000 
54511 2021 8 3 23 1001.3000 153 1.4000 24.5000 
54513 2021 8 3 0 999.9000 274 0.5000 25.6000 
54513 2021 8 3 1 1000.1000 145 1.4000 27.0000 
54513 2021 8 3 2 1000.0000 198 1.3000 27.9000 
54513 2021 8 3 3 999.6000 17 1.2000 28.1000 
54513 2021 8 3 4 999.2000 335 0.7000 28.6000 
54513 2021 8 3 5 998.5000 205 1.8000 29.9000 
54513 2021 8 3 6 998.2000 210 3.2000 29.2000 
54513 2021 8 3 7 997.7000 181 2.8000 29.5000 
54513 2021 8 3 8 997.6000 233 1.8000 29.3000 
54513 2021 8 3 9 997.3000 205 2.4000 29.1000 
54513 2021 8 3 10 997.2000 216 2.6000 28.9000 
54513 2021 8 3 11 997.5000 208 1.5000 28.6000 
54513 2021 8 3 12 997.8000 216 3.3000 28.4000 
54513 2021 8 3 13 998.3000 204 3.2000 28.0000 
54513 2021 8 3 14 998.0000 202 2.4000 27.8000 
54513 2021 8 3 15 997.4000 212 1.5000 27.6000 
54513 2021 8 3 16 997.7000 201 1.7000 27.1000 
54513 2021 8 3 17 997.5000 203 1.3000 26.5000 
54513 2021 8 3 18 997.3000 235 1.0000 25.9000 
54513 2021 8 3 19 997.4000 244 1.9000 25.0000 
54513 2021 8 3 20 997.3000 208 3.3000 25.0000 
54513 2021 8 3 21 997.4000 218 2.3000 24.8000 
54513 2021 8 3 22 997.6000 172 2.0000 24.5000 
54513 2021 8 3 23 997.7000 192 1.4000 24.7000 
54514 2021 8 3 0 1000.7000 56 1.2000 25.8000 
54514 2021 8 3 1 1000.9000 245 0.8000 26.2000 
54514 2021 8 3 2 1000.8000 104 0.8000 27.6000 
54514 2021 8 3 3 1000.3000 357 0.9000 28.6000 
54514 2021 8 3 4 999.9000 161 1.9000 29.4000 
54514 2021 8 3 5 999.2000 223 1.7000 30.0000 
54514 2021 8 3 6 999.0000 238 2.3000 29.6000 
54514 2021 8 3 7 998.5000 230 1.3000 30.4000 
54514 2021 8 3 8 998.5000 208 1.1000 29.7000 
54514 2021 8 3 9 998.0000 229 2.0000 29.4000 
54514 2021 8 3 10 998.0000 249 1.1000 29.1000 
54514 2021 8 3 11 998.4000 263 1.9000 28.8000 
54514 2021 8 3 12 998.6000 217 1.0000 28.1000 
54514 2021 8 3 13 999.2000 199 1.8000 27.9000 
54514 2021 8 3 14 999.0000 162 1.5000 27.5000 
54514 2021 8 3 15 998.3000 199 1.7000 27.3000 
54514 2021 8 3 16 998.6000 239 1.0000 27.0000 
54514 2021 8 3 17 998.4000 208 1.0000 27.0000 
54514 2021 8 3 18 998.2000 245 0.9000 25.9000 
54514 2021 8 3 19 998.2000 197 1.3000 25.0000 
54514 2021 8 3 20 998.3000 214 1.1000 24.7000 
54514 2021 8 3 21 998.4000 201 1.7000 24.5000 
54514 2021 8 3 22 998.5000 197 1.3000 24.2000 
54514 2021 8 3 23 998.5000 225 1.6000 24.8000 
54594 2021 8 3 0 1002.7000 135 2.4000 25.2000 
54594 2021 8 3 1 1002.9000 196 1.0000 25.9000 
54594 2021 8 3 2 1003.0000 100 1.4000 27.4000 
54594 2021 8 3 3 1002.5000 158 0.7000 27.9000 
54594 2021 8 3 4 1002.0000 999017 0.2000 28.9000 
54594 2021 8 3 5 1001.5000 226 2.0000 30.1000 
54594 2021 8 3 6 1001.1000 185 1.7000 30.9000 
54594 2021 8 3 7 1000.6000 192 2.8000 30.9000 
54594 2021 8 3 8 1000.6000 183 2.4000 29.8000 
54594 2021 8 3 9 1000.2000 201 1.9000 29.5000 
54594 2021 8 3 10 1000.2000 217 2.4000 29.3000 
54594 2021 8 3 11 1000.5000 193 2.5000 29.0000 
54594 2021 8 3 12 1000.9000 164 1.6000 27.9000 
54594 2021 8 3 13 1001.5000 175 0.9000 26.8000 
54594 2021 8 3 14 1001.2000 168 0.9000 26.1000 
54594 2021 8 3 15 1000.6000 147 1.5000 26.0000 
54594 2021 8 3 16 1000.8000 188 1.9000 26.6000 
54594 2021 8 3 17 1000.7000 206 1.9000 26.6000 
54594 2021 8 3 18 1000.4000 162 1.9000 25.8000 
54594 2021 8 3 19 1000.4000 181 1.2000 24.7000 
54594 2021 8 3 20 1000.7000 197 0.7000 24.3000 
54594 2021 8 3 21 1000.5000 178 1.1000 24.1000 
54594 2021 8 3 22 1000.7000 198 1.1000 24.0000 
54594 2021 8 3 23 1000.6000 131 0.8000 24.1000 
54596 2021 8 3 0 1001.3000 98 1.5000 25.2000 
54596 2021 8 3 1 1001.4000 151 1.0000 26.6000 
54596 2021 8 3 2 1001.4000 116 1.4000 27.2000 
54596 2021 8 3 3 1001.0000 30 1.3000 28.1000 
54596 2021 8 3 4 1000.6000 186 2.1000 29.0000 
54596 2021 8 3 5 999.9000 176 2.8000 29.2000 
54596 2021 8 3 6 999.7000 193 2.0000 29.0000 
54596 2021 8 3 7 999.1000 212 2.1000 29.3000 
54596 2021 8 3 8 999.1000 196 2.5000 28.9000 
54596 2021 8 3 9 998.7000 199 1.5000 28.3000 
54596 2021 8 3 10 998.7000 201 2.7000 28.4000 
54596 2021 8 3 11 999.0000 228 2.7000 28.3000 
54596 2021 8 3 12 999.3000 180 1.9000 27.2000 
54596 2021 8 3 13 999.9000 192 1.4000 26.4000 
54596 2021 8 3 14 999.7000 182 1.1000 26.2000 
54596 2021 8 3 15 999.0000 181 1.3000 26.3000 
54596 2021 8 3 16 999.3000 203 1.7000 25.8000 
54596 2021 8 3 17 999.0000 188 2.1000 26.0000 
54596 2021 8 3 18 998.9000 199 2.0000 25.0000 
54596 2021 8 3 19 998.9000 186 1.2000 24.3000 
54596 2021 8 3 20 998.9000 184 2.4000 23.9000 
54596 2021 8 3 21 999.0000 218 2.0000 23.8000 
54596 2021 8 3 22 999.1000 178 1.3000 23.5000 
54596 2021 8 3 23 999.2000 194 1.6000 24.0000 
54597 2021 8 3 0 961.1000 999017 0.2000 21.7000 
54597 2021 8 3 1 961.0000 8 1.5000 24.7000 
54597 2021 8 3 2 961.0000 999017 0.1000 25.5000 
54597 2021 8 3 3 960.6000 100 1.8000 27.7000 
54597 2021 8 3 4 960.3000 217 2.6000 27.8000 
54597 2021 8 3 5 959.9000 200 2.0000 27.1000 
54597 2021 8 3 6 959.8000 180 1.5000 26.8000 
54597 2021 8 3 7 959.6000 196 1.8000 26.5000 
54597 2021 8 3 8 959.6000 168 0.8000 25.8000 
54597 2021 8 3 9 959.3000 165 1.5000 25.8000 
54597 2021 8 3 10 959.1000 180 1.5000 25.9000 
54597 2021 8 3 11 959.4000 144 1.9000 25.3000 
54597 2021 8 3 12 959.8000 125 0.8000 24.8000 
54597 2021 8 3 13 960.4000 137 0.8000 23.6000 
54597 2021 8 3 14 959.7000 999017 0.2000 22.9000 
54597 2021 8 3 15 959.7000 999017 0.0000 22.6000 
54597 2021 8 3 16 959.7000 193 0.9000 22.5000 
54597 2021 8 3 17 959.3000 157 0.9000 22.4000 
54597 2021 8 3 18 959.0000 999017 0.0000 22.2000 
54597 2021 8 3 19 958.9000 223 0.5000 22.0000 
54597 2021 8 3 20 959.0000 89 0.6000 21.9000 
54597 2021 8 3 21 959.1000 319 0.7000 21.9000 
54597 2021 8 3 22 959.0000 999017 0.2000 22.0000 
54597 2021 8 3 23 959.1000 341 0.7000 22.5000 
