Station_Id_C Year Mon Day Hour PRE_1h
54398 2021 8 3 0 0.0000 
54398 2021 8 3 1 0.0000 
54398 2021 8 3 2 0.0000 
54398 2021 8 3 3 0.0000 
54398 2021 8 3 4 0.0000 
54398 2021 8 3 5 0.0000 
54398 2021 8 3 6 0.0000 
54398 2021 8 3 7 0.0000 
54398 2021 8 3 8 0.0000 
54398 2021 8 3 9 0.0000 
54398 2021 8 3 10 0.0000 
54398 2021 8 3 11 0.0000 
54398 2021 8 3 12 0.0000 
54398 2021 8 3 13 0.0000 
54398 2021 8 3 14 0.0000 
54398 2021 8 3 15 0.0000 
54398 2021 8 3 16 0.0000 
54398 2021 8 3 17 0.0000 
54398 2021 8 3 18 0.0000 
54398 2021 8 3 19 0.0000 
54398 2021 8 3 20 0.1000 
54398 2021 8 3 21 0.0000 
54398 2021 8 3 22 0.0000 
54398 2021 8 3 23 0.0000 
54399 2021 8 3 0 0.0000 
54399 2021 8 3 1 0.0000 
54399 2021 8 3 2 0.0000 
54399 2021 8 3 3 0.0000 
54399 2021 8 3 4 0.0000 
54399 2021 8 3 5 0.0000 
54399 2021 8 3 6 0.0000 
54399 2021 8 3 7 0.0000 
54399 2021 8 3 8 0.0000 
54399 2021 8 3 9 0.0000 
54399 2021 8 3 10 0.0000 
54399 2021 8 3 11 0.0000 
54399 2021 8 3 12 0.0000 
54399 2021 8 3 13 0.0000 
54399 2021 8 3 14 0.0000 
54399 2021 8 3 15 0.0000 
54399 2021 8 3 16 0.0000 
54399 2021 8 3 17 0.0000 
54399 2021 8 3 18 0.0000 
54399 2021 8 3 19 0.5000 
54399 2021 8 3 20 0.0000 
54399 2021 8 3 21 0.0000 
54399 2021 8 3 22 0.0000 
54399 2021 8 3 23 0.0000 
54406 2021 8 3 0 0.0000 
54406 2021 8 3 1 0.0000 
54406 2021 8 3 2 0.0000 
54406 2021 8 3 3 0.0000 
54406 2021 8 3 4 0.0000 
54406 2021 8 3 5 0.0000 
54406 2021 8 3 6 0.0000 
54406 2021 8 3 7 0.0000 
54406 2021 8 3 8 0.0000 
54406 2021 8 3 9 0.0000 
54406 2021 8 3 10 0.0000 
54406 2021 8 3 11 0.0000 
54406 2021 8 3 12 0.0000 
54406 2021 8 3 13 0.0000 
54406 2021 8 3 14 0.0000 
54406 2021 8 3 15 0.0000 
54406 2021 8 3 16 0.1000 
54406 2021 8 3 17 0.0000 
54406 2021 8 3 18 0.2000 
54406 2021 8 3 19 0.0000 
54406 2021 8 3 20 0.0000 
54406 2021 8 3 21 0.0000 
54406 2021 8 3 22 0.0000 
54406 2021 8 3 23 0.0000 
54416 2021 8 3 0 0.0000 
54416 2021 8 3 1 0.0000 
54416 2021 8 3 2 0.0000 
54416 2021 8 3 3 0.0000 
54416 2021 8 3 4 0.0000 
54416 2021 8 3 5 0.0000 
54416 2021 8 3 6 0.0000 
54416 2021 8 3 7 0.0000 
54416 2021 8 3 8 0.0000 
54416 2021 8 3 9 0.0000 
54416 2021 8 3 10 0.0000 
54416 2021 8 3 11 0.0000 
54416 2021 8 3 12 0.0000 
54416 2021 8 3 13 0.0000 
54416 2021 8 3 14 0.0000 
54416 2021 8 3 15 0.0000 
54416 2021 8 3 16 0.0000 
54416 2021 8 3 17 0.0000 
54416 2021 8 3 18 0.0000 
54416 2021 8 3 19 0.0000 
54416 2021 8 3 20 0.0000 
54416 2021 8 3 21 0.6000 
54416 2021 8 3 22 0.1000 
54416 2021 8 3 23 0.0000 
54419 2021 8 3 0 0.0000 
54419 2021 8 3 1 0.0000 
54419 2021 8 3 2 0.0000 
54419 2021 8 3 3 0.0000 
54419 2021 8 3 4 0.0000 
54419 2021 8 3 5 0.0000 
54419 2021 8 3 6 0.0000 
54419 2021 8 3 7 0.0000 
54419 2021 8 3 8 0.0000 
54419 2021 8 3 9 0.0000 
54419 2021 8 3 10 0.0000 
54419 2021 8 3 11 0.1000 
54419 2021 8 3 12 0.0000 
54419 2021 8 3 13 0.4000 
54419 2021 8 3 14 0.1000 
54419 2021 8 3 15 0.0000 
54419 2021 8 3 16 0.0000 
54419 2021 8 3 17 0.0000 
54419 2021 8 3 18 0.0000 
54419 2021 8 3 19 0.3000 
54419 2021 8 3 20 0.0000 
54419 2021 8 3 21 0.5000 
54419 2021 8 3 22 0.0000 
54419 2021 8 3 23 0.0000 
54421 2021 8 3 0 0.0000 
54421 2021 8 3 1 0.0000 
54421 2021 8 3 2 0.0000 
54421 2021 8 3 3 0.0000 
54421 2021 8 3 4 0.0000 
54421 2021 8 3 5 0.0000 
54421 2021 8 3 6 0.0000 
54421 2021 8 3 7 0.0000 
54421 2021 8 3 8 0.0000 
54421 2021 8 3 9 0.0000 
54421 2021 8 3 10 0.0000 
54421 2021 8 3 11 0.0000 
54421 2021 8 3 12 0.0000 
54421 2021 8 3 13 0.0000 
54421 2021 8 3 14 0.0000 
54421 2021 8 3 15 0.0000 
54421 2021 8 3 16 0.0000 
54421 2021 8 3 17 0.0000 
54421 2021 8 3 18 0.0000 
54421 2021 8 3 19 1.0000 
54421 2021 8 3 20 2.9000 
54421 2021 8 3 21 0.9000 
54421 2021 8 3 22 0.4000 
54421 2021 8 3 23 0.0000 
54424 2021 8 3 0 0.0000 
54424 2021 8 3 1 0.0000 
54424 2021 8 3 2 0.0000 
54424 2021 8 3 3 0.0000 
54424 2021 8 3 4 0.0000 
54424 2021 8 3 5 0.0000 
54424 2021 8 3 6 0.0000 
54424 2021 8 3 7 0.0000 
54424 2021 8 3 8 0.0000 
54424 2021 8 3 9 0.0000 
54424 2021 8 3 10 0.0000 
54424 2021 8 3 11 0.0000 
54424 2021 8 3 12 0.0000 
54424 2021 8 3 13 0.0000 
54424 2021 8 3 14 0.0000 
54424 2021 8 3 15 0.0000 
54424 2021 8 3 16 0.0000 
54424 2021 8 3 17 0.0000 
54424 2021 8 3 18 0.0000 
54424 2021 8 3 19 0.0000 
54424 2021 8 3 20 0.2000 
54424 2021 8 3 21 0.1000 
54424 2021 8 3 22 0.2000 
54424 2021 8 3 23 0.1000 
54431 2021 8 3 0 0.0000 
54431 2021 8 3 1 0.0000 
54431 2021 8 3 2 0.0000 
54431 2021 8 3 3 0.0000 
54431 2021 8 3 4 0.0000 
54431 2021 8 3 5 0.0000 
54431 2021 8 3 6 0.0000 
54431 2021 8 3 7 0.0000 
54431 2021 8 3 8 0.0000 
54431 2021 8 3 9 0.0000 
54431 2021 8 3 10 0.0000 
54431 2021 8 3 11 0.0000 
54431 2021 8 3 12 0.0000 
54431 2021 8 3 13 0.0000 
54431 2021 8 3 14 0.0000 
54431 2021 8 3 15 0.0000 
54431 2021 8 3 16 0.0000 
54431 2021 8 3 17 0.0000 
54431 2021 8 3 18 0.0000 
54431 2021 8 3 19 0.1000 
54431 2021 8 3 20 0.5000 
54431 2021 8 3 21 0.5000 
54431 2021 8 3 22 1.8000 
54431 2021 8 3 23 0.0000 
54433 2021 8 3 0 0.0000 
54433 2021 8 3 1 0.0000 
54433 2021 8 3 2 0.0000 
54433 2021 8 3 3 0.0000 
54433 2021 8 3 4 0.0000 
54433 2021 8 3 5 0.0000 
54433 2021 8 3 6 0.0000 
54433 2021 8 3 7 0.0000 
54433 2021 8 3 8 0.0000 
54433 2021 8 3 9 0.0000 
54433 2021 8 3 10 0.0000 
54433 2021 8 3 11 0.0000 
54433 2021 8 3 12 0.0000 
54433 2021 8 3 13 0.0000 
54433 2021 8 3 14 0.0000 
54433 2021 8 3 15 0.0000 
54433 2021 8 3 16 0.0000 
54433 2021 8 3 17 0.0000 
54433 2021 8 3 18 0.0000 
54433 2021 8 3 19 0.2000 
54433 2021 8 3 20 0.1000 
54433 2021 8 3 21 0.1000 
54433 2021 8 3 22 0.0000 
54433 2021 8 3 23 0.0000 
54499 2021 8 3 0 0.0000 
54499 2021 8 3 1 0.0000 
54499 2021 8 3 2 0.0000 
54499 2021 8 3 3 0.0000 
54499 2021 8 3 4 0.0000 
54499 2021 8 3 5 0.0000 
54499 2021 8 3 6 0.0000 
54499 2021 8 3 7 0.0000 
54499 2021 8 3 8 0.0000 
54499 2021 8 3 9 0.0000 
54499 2021 8 3 10 0.0000 
54499 2021 8 3 11 0.0000 
54499 2021 8 3 12 0.0000 
54499 2021 8 3 13 0.0000 
54499 2021 8 3 14 0.0000 
54499 2021 8 3 15 0.0000 
54499 2021 8 3 16 0.0000 
54499 2021 8 3 17 0.0000 
54499 2021 8 3 18 0.3000 
54499 2021 8 3 19 0.2000 
54499 2021 8 3 20 0.0000 
54499 2021 8 3 21 0.0000 
54499 2021 8 3 22 0.0000 
54499 2021 8 3 23 0.0000 
54501 2021 8 3 0 0.0000 
54501 2021 8 3 1 0.0000 
54501 2021 8 3 2 0.0000 
54501 2021 8 3 3 0.0000 
54501 2021 8 3 4 0.0000 
54501 2021 8 3 5 0.0000 
54501 2021 8 3 6 0.0000 
54501 2021 8 3 7 0.0000 
54501 2021 8 3 8 0.0000 
54501 2021 8 3 9 0.0000 
54501 2021 8 3 10 0.0000 
54501 2021 8 3 11 0.0000 
54501 2021 8 3 12 0.0000 
54501 2021 8 3 13 0.0000 
54501 2021 8 3 14 0.0000 
54501 2021 8 3 15 0.0000 
54501 2021 8 3 16 0.0000 
54501 2021 8 3 17 0.0000 
54501 2021 8 3 18 0.0000 
54501 2021 8 3 19 0.0000 
54501 2021 8 3 20 0.0000 
54501 2021 8 3 21 0.0000 
54501 2021 8 3 22 0.0000 
54501 2021 8 3 23 0.0000 
54505 2021 8 3 0 0.0000 
54505 2021 8 3 1 0.0000 
54505 2021 8 3 2 0.0000 
54505 2021 8 3 3 0.0000 
54505 2021 8 3 4 0.0000 
54505 2021 8 3 5 0.0000 
54505 2021 8 3 6 0.0000 
54505 2021 8 3 7 0.0000 
54505 2021 8 3 8 0.0000 
54505 2021 8 3 9 0.0000 
54505 2021 8 3 10 0.0000 
54505 2021 8 3 11 0.0000 
54505 2021 8 3 12 0.0000 
54505 2021 8 3 13 0.0000 
54505 2021 8 3 14 0.0000 
54505 2021 8 3 15 0.0000 
54505 2021 8 3 16 0.0000 
54505 2021 8 3 17 0.0000 
54505 2021 8 3 18 0.1000 
54505 2021 8 3 19 0.3000 
54505 2021 8 3 20 0.1000 
54505 2021 8 3 21 0.0000 
54505 2021 8 3 22 0.0000 
54505 2021 8 3 23 0.0000 
54511 2021 8 3 0 0.0000 
54511 2021 8 3 1 0.0000 
54511 2021 8 3 2 0.0000 
54511 2021 8 3 3 0.0000 
54511 2021 8 3 4 0.0000 
54511 2021 8 3 5 0.0000 
54511 2021 8 3 6 0.0000 
54511 2021 8 3 7 0.0000 
54511 2021 8 3 8 0.0000 
54511 2021 8 3 9 0.0000 
54511 2021 8 3 10 0.0000 
54511 2021 8 3 11 0.0000 
54511 2021 8 3 12 0.0000 
54511 2021 8 3 13 0.0000 
54511 2021 8 3 14 0.0000 
54511 2021 8 3 15 0.0000 
54511 2021 8 3 16 0.0000 
54511 2021 8 3 17 0.0000 
54511 2021 8 3 18 0.0000 
54511 2021 8 3 19 0.2000 
54511 2021 8 3 20 0.6000 
54511 2021 8 3 21 1.8000 
54511 2021 8 3 22 0.2000 
54511 2021 8 3 23 0.0000 
54513 2021 8 3 0 0.0000 
54513 2021 8 3 1 0.0000 
54513 2021 8 3 2 0.0000 
54513 2021 8 3 3 0.0000 
54513 2021 8 3 4 0.0000 
54513 2021 8 3 5 0.0000 
54513 2021 8 3 6 0.0000 
54513 2021 8 3 7 0.0000 
54513 2021 8 3 8 0.0000 
54513 2021 8 3 9 0.0000 
54513 2021 8 3 10 0.0000 
54513 2021 8 3 11 0.0000 
54513 2021 8 3 12 0.0000 
54513 2021 8 3 13 0.0000 
54513 2021 8 3 14 0.0000 
54513 2021 8 3 15 0.0000 
54513 2021 8 3 16 0.0000 
54513 2021 8 3 17 0.0000 
54513 2021 8 3 18 0.2000 
54513 2021 8 3 19 0.5000 
54513 2021 8 3 20 0.0000 
54513 2021 8 3 21 0.1000 
54513 2021 8 3 22 0.0000 
54513 2021 8 3 23 0.0000 
54514 2021 8 3 0 0.0000 
54514 2021 8 3 1 0.0000 
54514 2021 8 3 2 0.0000 
54514 2021 8 3 3 0.0000 
54514 2021 8 3 4 0.0000 
54514 2021 8 3 5 0.0000 
54514 2021 8 3 6 0.0000 
54514 2021 8 3 7 0.0000 
54514 2021 8 3 8 0.0000 
54514 2021 8 3 9 0.0000 
54514 2021 8 3 10 0.0000 
54514 2021 8 3 11 0.0000 
54514 2021 8 3 12 0.0000 
54514 2021 8 3 13 0.0000 
54514 2021 8 3 14 0.0000 
54514 2021 8 3 15 0.0000 
54514 2021 8 3 16 0.0000 
54514 2021 8 3 17 0.0000 
54514 2021 8 3 18 0.1000 
54514 2021 8 3 19 0.6000 
54514 2021 8 3 20 0.1000 
54514 2021 8 3 21 0.0000 
54514 2021 8 3 22 0.0000 
54514 2021 8 3 23 0.0000 
54594 2021 8 3 0 0.0000 
54594 2021 8 3 1 0.0000 
54594 2021 8 3 2 0.0000 
54594 2021 8 3 3 0.0000 
54594 2021 8 3 4 0.0000 
54594 2021 8 3 5 0.0000 
54594 2021 8 3 6 0.0000 
54594 2021 8 3 7 0.0000 
54594 2021 8 3 8 0.0000 
54594 2021 8 3 9 0.0000 
54594 2021 8 3 10 0.0000 
54594 2021 8 3 11 0.0000 
54594 2021 8 3 12 0.0000 
54594 2021 8 3 13 0.0000 
54594 2021 8 3 14 0.0000 
54594 2021 8 3 15 0.0000 
54594 2021 8 3 16 0.0000 
54594 2021 8 3 17 0.0000 
54594 2021 8 3 18 0.0000 
54594 2021 8 3 19 0.7000 
54594 2021 8 3 20 1.0000 
54594 2021 8 3 21 2.8000 
54594 2021 8 3 22 0.7000 
54594 2021 8 3 23 0.0000 
54596 2021 8 3 0 0.0000 
54596 2021 8 3 1 0.0000 
54596 2021 8 3 2 0.0000 
54596 2021 8 3 3 0.0000 
54596 2021 8 3 4 0.0000 
54596 2021 8 3 5 0.0000 
54596 2021 8 3 6 0.0000 
54596 2021 8 3 7 0.0000 
54596 2021 8 3 8 0.0000 
54596 2021 8 3 9 0.0000 
54596 2021 8 3 10 0.0000 
54596 2021 8 3 11 0.0000 
54596 2021 8 3 12 0.0000 
54596 2021 8 3 13 0.0000 
54596 2021 8 3 14 0.0000 
54596 2021 8 3 15 0.0000 
54596 2021 8 3 16 0.0000 
54596 2021 8 3 17 0.0000 
54596 2021 8 3 18 0.0000 
54596 2021 8 3 19 0.7000 
54596 2021 8 3 20 1.6000 
54596 2021 8 3 21 0.5000 
54596 2021 8 3 22 0.0000 
54596 2021 8 3 23 0.0000 
54597 2021 8 3 0 0.0000 
54597 2021 8 3 1 0.0000 
54597 2021 8 3 2 0.0000 
54597 2021 8 3 3 0.0000 
54597 2021 8 3 4 0.0000 
54597 2021 8 3 5 0.0000 
54597 2021 8 3 6 0.0000 
54597 2021 8 3 7 0.0000 
54597 2021 8 3 8 0.0000 
54597 2021 8 3 9 0.0000 
54597 2021 8 3 10 0.0000 
54597 2021 8 3 11 0.0000 
54597 2021 8 3 12 0.0000 
54597 2021 8 3 13 0.0000 
54597 2021 8 3 14 0.0000 
54597 2021 8 3 15 0.0000 
54597 2021 8 3 16 0.0000 
54597 2021 8 3 17 0.0000 
54597 2021 8 3 18 0.4000 
54597 2021 8 3 19 0.0000 
54597 2021 8 3 20 0.0000 
54597 2021 8 3 21 0.0000 
54597 2021 8 3 22 0.0000 
54597 2021 8 3 23 0.0000 
