54398 0.1000
54399 0.0000
54406 0.0000
54416 0.0000
54419 0.0000
54421 2.9000
54424 0.2000
54431 0.5000
54433 0.1000
54499 0.0000
54501 0.0000
54505 0.1000
54511 0.6000
54513 0.0000
54514 0.1000
54594 1.0000
54596 1.6000
54597 0.0000
53392 0.0000
53397 0.1000
53399 0.0000
53491 0.0000
53492 0.0000
53498 0.0000
53499 0.0000
53593 0.0000
53596 0.0000
53599 0.0000
53680 0.0000
53682 0.0000
53688 0.0000
53689 0.0000
53690 0.0000
53691 0.0000
53692 0.0000
53693 0.0000
53694 0.0000
53695 0.0000
53696 0.0000
53697 0.0000
53699 0.0000
53773 0.0000
53781 0.0000
53784 0.0000
53785 0.0000
53789 0.0000
53790 0.0000
53791 0.0000
53792 0.0000
53794 0.0000
53795 0.0000
53796 0.0000
53797 0.0000
53798 0.0000
53799 0.0000
53883 0.0000
53886 0.0000
53890 0.0000
53891 0.0000
53892 0.0000
53893 0.0000
53894 0.0000
53895 0.0000
53896 0.0000
53897 0.0000
53899 0.0000
53980 0.0000
53996 0.0000
54301 0.2000
54304 0.0000
54308 0.5000
54311 10.1000
54318 5.8000
54319 0.0000
54401 0.0000
54404 0.0000
54405 0.0000
54408 0.0000
54420 8.6000
54423 0.2000
54425 0.2000
54429 0.0000
54430 0.0000
54432 0.0000
54434 0.0000
54436 0.0000
54437 0.0000
54438 0.0000
54439 0.0000
54449 0.0000
54502 5.3000
54503 0.5000
54506 4.4000
54507 19.7000
54510 0.3000
54512 0.4000
54515 0.5000
54518 0.3000
54519 0.8000
54520 0.2000
54521 0.4000
54522 0.0000
54531 0.0000
54532 0.0000
54533 0.0000
54534 0.0000
54535 0.0000
54539 0.0000
54540 0.0000
54541 0.0000
54601 0.3000
54602 0.3000
54603 0.0000
54604 0.0000
54605 0.0000
54606 0.0000
54607 0.0000
54608 0.0000
54609 0.0000
54610 0.0000
54611 0.1000
54612 0.0000
54613 0.0000
54614 0.0000
54615 0.0000
54616 0.0000
54617 0.0000
54618 0.0000
54620 0.1000
54621 0.0000
54624 0.0000
54626 0.0000
54627 0.0000
54628 0.0000
54631 0.0000
54632 0.0000
54633 0.0000
54636 0.1000
54640 0.0000
54644 0.0000
54700 0.0000
54701 0.0000
54702 0.0000
54703 0.0000
54704 0.0000
54705 0.0000
54706 0.0000
54707 0.0000
54708 0.0000
54710 0.0000
54711 0.0000
54713 0.0000
54717 0.0000
54719 0.0000
54800 0.0000
54801 0.0000
54804 0.0000
54809 0.0000
54820 0.0000
