54398 24.9000
54399 24.9000
54406 22.4000
54416 25.0000
54419 24.5000
54421 22.9000
54424 24.4000
54431 24.7000
54433 25.2000
54499 24.7000
54501 21.7000
54505 24.3000
54511 24.5000
54513 25.0000
54514 24.7000
54594 24.3000
54596 23.9000
54597 21.9000
53392 14.2000
53397 14.5000
53399 14.6000
53491 16.9000
53492 18.0000
53498 20.0000
53499 18.5000
53593 20.2000
53596 25.0000
53599 19.6000
53680 25.1000
53682 24.1000
53688 24.7000
53689 26.3000
53690 23.0000
53691 25.6000
53692 26.3000
53693 24.0000
53694 24.8000
53695 25.5000
53696 25.7000
53697 25.4000
53699 26.2000
53773 25.2000
53781 25.1000
53784 24.6000
53785 24.8000
53789 26.2000
53790 24.6000
53791 24.6000
53792 26.8000
53794 26.1000
53795 24.3000
53796 25.9000
53797 25.4000
53798 25.6000
53799 26.3000
53883 26.8000
53886 23.8000
53890 24.9000
53891 26.3000
53892 26.7000
53893 25.3000
53894 25.7000
53895 26.1000
53896 25.5000
53897 25.4000
53899 26.0000
53980 25.2000
53996 25.3000
54301 13.4000
54304 16.6000
54308 17.0000
54311 15.9000
54318 18.4000
54319 20.6000
54401 18.4000
54404 18.3000
54405 21.5000
54408 21.4000
54420 21.7000
54423 21.1000
54425 21.5000
54429 25.3000
54430 21.1000
54432 22.8000
54434 23.2000
54436 23.2000
54437 23.1000
54438 23.3000
54439 23.3000
54449 22.1000
54502 24.7000
54503 24.9000
54506 24.6000
54507 23.5000
54510 24.8000
54512 24.4000
54515 25.0000
54518 24.7000
54519 24.7000
54520 24.2000
54521 25.1000
54522 24.0000
54531 22.6000
54532 24.9000
54533 25.5000
54534 24.8000
54535 25.1000
54539 23.6000
54540 22.9000
54541 22.4000
54601 25.1000
54602 24.9000
54603 25.9000
54604 25.0000
54605 25.4000
54606 25.3000
54607 25.0000
54608 25.6000
54609 25.7000
54610 26.4000
54611 25.6000
54612 24.7000
54613 25.3000
54614 25.1000
54615 24.9000
54616 25.5000
54617 25.2000
54618 25.1000
54620 25.5000
54621 25.3000
54624 25.1000
54626 25.3000
54627 24.0000
54628 23.5000
54631 26.5000
54632 26.0000
54633 25.4000
54636 25.0000
54640 25.5000
54644 23.3000
54700 25.2000
54701 26.7000
54702 26.1000
54703 25.1000
54704 24.3000
54705 26.2000
54706 25.6000
54707 24.8000
54708 24.6000
54710 24.6000
54711 24.4000
54713 24.7000
54717 24.0000
54719 23.6000
54800 25.8000
54801 24.7000
54804 24.5000
54809 26.6000
54820 25.3000
