54398 177
54399 208
54406 999017
54416 198
54419 154
54421 227
54424 46
54431 151
54433 211
54499 48
54501 203
54505 181
54511 207
54513 208
54514 214
54594 197
54596 184
54597 89
53392 194
53397 199
53399 188
53491 264
53492 307
53498 258
53499 328
53593 999017
53596 351
53599 304
53680 999017
53682 999017
53688 297
53689 175
53690 321
53691 269
53692 22
53693 260
53694 280
53695 331
53696 106
53697 999017
53699 142
53773 179
53781 182
53784 999017
53785 144
53789 352
53790 353
53791 349
53792 171
53794 129
53795 338
53796 123
53797 138
53798 278
53799 174
53883 132
53886 149
53890 243
53891 151
53892 180
53893 166
53894 236
53895 198
53896 145
53897 255
53899 164
53980 196
53996 205
54301 256
54304 139
54308 58
54311 139
54318 224
54319 279
54401 40
54404 267
54405 257
54408 51
54420 241
54423 334
54425 269
54429 221
54430 999017
54432 245
54434 106
54436 207
54437 217
54438 999017
54439 116
54449 340
54502 310
54503 339
54506 145
54507 354
54510 167
54512 999017
54515 195
54518 149
54519 134
54520 97
54521 198
54522 111
54531 75
54532 108
54533 183
54534 171
54535 179
54539 167
54540 999017
54541 316
54601 345
54602 999017
54603 166
54604 177
54605 164
54606 150
54607 95
54608 122
54609 147
54610 159
54611 78
54612 135
54613 109
54614 134
54615 153
54616 179
54617 169
54618 160
54620 161
54621 999017
54624 142
54626 999017
54627 153
54628 161
54631 175
54632 177
54633 149
54636 162
54640 175
54644 136
54700 147
54701 199
54702 150
54703 178
54704 133
54705 157
54706 152
54707 199
54708 209
54710 129
54711 107
54713 167
54717 171
54719 146
54800 173
54801 165
54804 146
54809 183
54820 166
