54398 1.6000
54399 2.0000
54406 0.1000
54416 1.7000
54419 1.2000
54421 4.9000
54424 1.6000
54431 0.8000
54433 1.3000
54499 1.1000
54501 0.9000
54505 2.2000
54511 1.5000
54513 3.3000
54514 1.1000
54594 0.7000
54596 2.4000
54597 0.6000
53392 1.2000
53397 3.2000
53399 2.6000
53491 1.3000
53492 0.5000
53498 0.7000
53499 0.6000
53593 0.0000
53596 2.2000
53599 0.6000
53680 0.0000
53682 0.2000
53688 0.5000
53689 1.3000
53690 0.8000
53691 0.4000
53692 0.4000
53693 1.1000
53694 1.2000
53695 0.4000
53696 1.1000
53697 0.1000
53699 1.4000
53773 0.9000
53781 2.0000
53784 0.0000
53785 1.3000
53789 1.4000
53790 0.9000
53791 0.6000
53792 0.4000
53794 1.3000
53795 2.0000
53796 0.9000
53797 1.4000
53798 1.8000
53799 1.3000
53883 1.1000
53886 0.6000
53890 2.5000
53891 0.9000
53892 1.3000
53893 1.7000
53894 1.4000
53895 2.0000
53896 1.1000
53897 1.2000
53899 1.6000
53980 1.0000
53996 0.9000
54301 0.5000
54304 1.4000
54308 0.3000
54311 1.1000
54318 1.9000
54319 1.3000
54401 0.7000
54404 0.7000
54405 0.8000
54408 0.5000
54420 2.5000
54423 1.4000
54425 3.5000
54429 2.3000
54430 0.1000
54432 1.3000
54434 2.3000
54436 2.2000
54437 1.1000
54438 0.0000
54439 1.2000
54449 0.4000
54502 0.7000
54503 3.2000
54506 0.6000
54507 0.4000
54510 1.1000
54512 0.2000
54515 0.6000
54518 1.2000
54519 0.8000
54520 1.0000
54521 0.4000
54522 1.2000
54531 0.7000
54532 0.7000
54533 1.9000
54534 1.3000
54535 2.6000
54539 1.9000
54540 0.0000
54541 0.4000
54601 2.5000
54602 0.0000
54603 2.3000
54604 1.2000
54605 1.6000
54606 1.5000
54607 0.5000
54608 1.0000
54609 1.5000
54610 2.9000
54611 0.7000
54612 1.1000
54613 2.2000
54614 1.3000
54615 2.0000
54616 2.4000
54617 1.4000
54618 1.2000
54620 1.2000
54621 0.1000
54624 2.0000
54626 0.2000
54627 1.0000
54628 0.9000
54631 3.2000
54632 1.1000
54633 1.1000
54636 1.0000
54640 1.6000
54644 1.2000
54700 0.7000
54701 1.0000
54702 0.9000
54703 1.2000
54704 1.2000
54705 1.4000
54706 1.6000
54707 0.7000
54708 1.0000
54710 0.8000
54711 1.0000
54713 1.4000
54717 0.4000
54719 1.2000
54800 2.8000
54801 1.3000
54804 1.0000
54809 1.2000
54820 0.8000
